-0.64865,-0.29484
1.1653,-0.073355
-0.75712,0.29046
-1.1052,0.54453
-0.84344,0.10234
-0.57298,0.44118
-0.55912,0.0059099
0.1714,0.13671
-0.20051,-0.24122
0.57584,-0.24474
-0.84972,0.22047
0.78782,-0.31926
-1.5014,-0.3762
0.86271,0.58188
-0.24603,-0.047311
0.15994,-0.92495
-1.9534,1.0154
-1.2642,0.57035
1.1593,0.25501
2.0058,1.5563
-0.27811,-1.4423
0.59291,-0.08483
1.76,0.19729
1.7525,0.95696
-1.854,1.4286
-1.0472,-1.1073
-0.41907,-0.57037
1.3843,-0.52578
-1.361,-0.20703
-0.29534,0.54158
1.2542,0.47206
0.060027,-0.34198
0.44189,-0.64666
-0.32475,0.29331
0.77602,0.61807
0.9151,0.34353
-0.49183,-0.44807
1.7759,1.848
0.58006,-0.076083
-0.63554,0.34038
0.5926,-1.064
-0.53589,-0.34073
-0.1591,-1.3918
0.60129,0.12215
-1.0405,0.72962
-0.34796,-0.50764
-1.1664,0.31787
-0.6849,0.22521
0.9126,-0.27903
-1.4739,0.43879
-0.5585,-0.73485
-0.033597,-0.55151
-1.4686,1.8911
0.25121,-0.68796
-2.0062,0.95571
0.19257,-0.3444
0.41669,-0.48251
-1.2642,0.18302
-0.48631,-0.68229
0.58364,0.21244
-0.27941,-0.19464
-1.8465,0.75419
0.034973,0.10987
0.27506,0.51621
0.057601,0.27863
0.42419,-0.06177
0.41371,-0.7132
1.2826,0.0068526
-1.0459,0.92953
-1.776,1.5096
0.80341,-0.23111
-0.33069,0.06372
-1.2092,0.46206
1.0966,0.35369
-0.50839,-0.94028
0.88536,0.82903
0.36847,-0.014535
1.4341,0.22526
0.43758,-0.69598
0.6347,-0.15989
-0.62354,-0.0042575
-0.59535,-0.37764
1.5916,0.83319
-0.3513,-0.25272
0.15731,-0.74427
-1.6275,-0.4001
0.57081,-0.71968
-0.13316,-1.0308
0.42362,0.12142
-0.24833,-0.12457
-1.0812,-0.034399
1.6605,1.3886
0.16945,-0.90886
-2.0585,1.9776
0.20382,-0.6999
-0.58307,-0.86004
0.012611,-0.65345
1.4761,-0.046595
-0.42642,0.51234
1.6659,1.8034
0.35685,-0.78002
-1.0927,0.0895
1.9077,2.0767
0.61201,-0.91784
0.64606,-0.11894
-1.4558,0.50425
0.84096,-0.25695
0.56994,0.143
-0.91585,-0.16892
0.78242,-0.35425
0.50755,1.2375
0.48483,1.1022
0.65264,-0.89704
-0.70927,-1.3011
-1.3006,0.98207
-0.7404,-0.43417
-1.46,0.96799
-0.3936,-0.27667
0.82879,0.40378
0.076653,-0.90022
0.30648,0.25172
0.7774,-0.54847
-0.79951,-0.90028
-0.32816,-0.43949
0.27675,-0.51794
1.2926,1.4178
0.15355,-0.093128
-2.1048,1.9624
0.69541,-0.94166
-1.0396,0.19192
1.0533,-0.060641
-0.31982,-0.203
1.4612,0.70805
0.68749,0.072952
0.15229,-0.96765
-0.94249,-0.43438
-0.79137,-0.040859
-2.0365,2.0488
-2.3433,2.4252
-1.6499,1.7139
-0.95502,0.87478
0.21833,-0.47975
0.21034,-0.72384
-0.82133,-0.28804
-1.0092,-0.34502
1.1991,0.91576
0.14949,-1.2066
-0.4021,-1.0377
-0.44326,-0.4413
0.43873,-0.56056
-1.6552,-0.030077
0.20759,-0.45684
0.53929,-0.094892
1.3746,0.51782
-0.61913,-1.0264
-0.017886,-1.0473
0.76135,-1.4673
1.6094,1.014
-1.4029,-0.25061
-1.7372,0.94358
-0.47345,-0.70025
-0.064952,-0.76732
0.42959,-0.28174
0.19404,-0.80957
-0.58352,0.30195
0.75261,-0.43301
0.13412,0.24757
-0.37502,-0.31019
0.099135,-1.3896
1.254,-0.36749
0.4893,-0.64071
-0.3989,-0.18549
-1.7795,1.9982
-0.26992,0.002785
0.17145,-0.50214
-0.43574,-0.038865
0.45499,-0.36616
-1.1169,-0.12274
-0.36129,-0.23087
0.52215,-0.58527
-1.6343,1.1837
0.45736,0.095579
0.10572,-0.6843
1.4779,0.72856
-0.58669,-0.6019
-1.7091,1.281
0.72907,0.31547
1.0726,-0.09487
0.74456,0.21743
1.6098,0.97091
-1.3682,-0.48254
-1.0481,0.018167
0.46788,-1.1923
1.2059,0.70466
2.3443,1.892
0.10817,-0.39322
0.2712,-1.4005
0.74001,-0.56772
-0.26334,-1.4626
-0.031159,-0.57884
0.090469,-0.45721
0.13747,-0.14799
1.8343,1.2955
1.0852,0.49844
-0.36627,-0.28057
0.46241,0.71591
-0.83706,-0.43601
-0.52438,0.26635
-1.3818,1.0254
-0.0011862,-0.22297
-1.3977,0.52792
2.6003,3.457
0.80686,0.72366
-1.436,1.5653
-0.50069,0.25329
-0.51876,-0.49769
-1.7921,1.3621
0.97427,0.65392
-0.36295,-0.79223
1.1172,-0.13641
0.39999,-1.2862
0.80646,-0.09504
0.31143,0.046218
2.3882,1.5975
-0.11842,-0.25167
0.11157,-1.4594
0.98542,0.012314
-0.35988,-0.81752
-0.059934,-0.84667
0.23392,-0.61721
-2.7163,3.7849
0.1864,-0.082875
-0.1495,-0.30695
1.4363,-0.075395
-0.39857,-0.75674
1.7082,-0.054926
0.24426,-0.18217
-0.61846,-1.2632
0.96227,0.25768
0.12443,0.023392
-0.36652,-0.33329
-0.097881,0.25174
0.48006,-1.391
1.3836,0.596
-0.27719,-0.80368
0.66442,-0.55953
0.18349,-1.4651
0.65902,-0.28899
0.20111,-1.0259
0.31957,0.73611
-0.82129,-0.33542
0.32356,-0.52709
0.33547,-0.37901
0.37098,-2.1342
1.0739,0.026931
0.98063,0.19398
0.20136,0.15003
-0.40104,-0.56821
0.49612,0.020629
-0.13203,-0.20732
-0.25806,-1.3554
-0.082747,-0.9167
-0.31725,-1.0083
-0.31108,-0.39111
0.39231,-0.38586
-0.13367,-0.23318
1.3105,-0.42385
0.65944,-0.53399
-0.69097,-0.4202
-0.054178,-0.4432
-0.32923,-0.50656
0.29516,-0.14567
2.0329,1.3267
1.6866,1.1638
0.50081,-0.10046
-0.19142,-0.62345
-0.5896,-0.33059
1.1277,1.0646
0.12381,-0.36174
0.57586,-0.66552
0.097085,-0.72646
0.2568,-0.27118
0.048916,-1.1394
0.21389,-0.29447
0.084802,-1.2517
-0.15418,-1.3
-0.56171,0.059844
-1.7886,0.30032
-0.47195,0.00070364
-0.89998,0.40515
0.53758,-1.0235
-0.73408,-0.13343
1.4574,0.96572
0.49594,-0.057074
0.68112,-0.9586
0.12829,0.04649
-1.0647,0.65474
-0.1715,-0.68534
-0.46417,-0.46584
-1.2577,0.36781
0.41127,0.085273
-0.32684,-1.6899
1.3238,0.58099
1.1975,0.24175
-0.50372,-0.68804
-1.1119,0.28087
-0.91929,0.11165
-0.006429,-0.51472
0.14673,-0.94073
-0.90135,-0.64036
-0.9354,-1.9038
0.42464,-0.84524
-0.15719,-0.61164
0.39347,0.23941
-0.65216,-0.25218
-1.9457,1.6007
0.061696,-0.1031
-0.052297,-0.88177
-0.69613,-0.94317
0.44809,-0.32014
0.073204,-0.43167
0.46994,-1.0846
-2.3448,2.2135
0.43467,-0.28175
-0.3275,-0.85386
0.090947,-0.98879
1.0995,0.0083115
-1.1522,0.80059
-0.47689,0.10464
0.51255,-0.40149
0.87388,-0.62583
0.011005,-0.047268
0.88914,-0.42977
1.1391,0.60168
0.85939,0.5171
-0.4704,0.75066
0.58584,-1.1695
0.82328,-0.12799
0.29639,0.37717
1.1397,0.2665
-1.563,1.1836
1.6166,1.2558
0.54451,0.043491
-0.58563,-0.31653
-0.51131,0.18248
0.48293,-0.13108
-0.65045,0.29249
0.91325,0.0056793
-0.19184,0.30256
0.31259,-0.4217
1.4023,0.36569
-1.1848,0.88298
-0.9256,-0.16078
1.2925,0.18975
0.10893,0.4738
2.7976,4.3897
0.26627,-0.40637
0.10926,-0.022413
-1.0663,0.69605
-0.7088,-0.16792
-1.5051,0.44426
-1.1323,0.22697
1.2555,-0.42396
-1.1393,0.068016
-0.52689,-0.44986
1.5588,1.0486
0.5681,0.074101
0.56804,-0.30776
-1.4156,1.2546
-0.1941,-0.43553
0.17898,-0.65959
1.4654,0.68453
-0.67884,-0.50166
-0.53075,-0.79924
-0.85726,-0.64643
1.2894,0.27689
-0.09096,-0.62097
-2.1367,2.6416
0.019611,-0.64036
-1.1309,0.54694
0.70321,-1.2792
-0.61677,0.29774
-0.95238,0.18107
0.12896,-0.22583
0.62691,-0.49946
-0.36912,-0.20317
1.0466,-0.66153
0.050481,-1.1793
0.079258,-0.82416
1.8143,0.79983
0.66397,-0.53418
-1.5375,1.2227
0.3451,-0.26741
-0.097016,-0.37083
0.62733,-1.2193
-0.8607,-0.48603
-0.88398,1.1002
-1.2177,0.015643
-0.18939,-0.18314
-1.7106,1.9076
0.14506,-0.63246
0.80387,-0.19408
0.56727,0.31488
1.049,0.50509
-0.80151,0.2083
0.78614,-0.18002
-0.31769,-0.29983
1.1701,0.42884
0.078789,-1.2721
-1.4177,0.94207
-1.4466,0.095158
-1.7987,0.30609
-1.4554,-0.043231
-0.14224,-0.87903
-1.0021,0.40996
-2.7144,3.6719
1.672,0.98872
-0.28627,0.082429
1.1068,-0.58835
-0.30962,0.15676
-0.17243,0.006531
-0.085983,-0.91956
-0.042779,0.14512
2.0674,2.0165
-0.41238,-0.98258
2.9259,3.5703
-1.6778,-0.38445
0.28229,-0.9206
-1.4617,-0.58852
0.43968,-0.42906
-1.6862,0.29706
0.054528,-0.61532
-1.1428,-0.45578
1.9708,1.7975
0.90732,-0.21489
1.6029,1.107
-0.48862,-0.67305
-1.1904,-0.26867
-1.4123,1.0975
0.45867,-0.53071
1.3127,-0.36841
2.2789,1.0776
0.83848,-0.075211
0.51181,-1.1019
3.1675,4.7055
-0.33292,-0.82123
-0.8938,0.6539
-0.99053,0.94839
-1.8605,0.3419
1.4792,1.9327
-1.6234,1.1636
-0.84965,0.011667
1.0624,-0.58829
-0.44159,0.53598
3.2931,6.5814
0.097478,0.013513
-0.77162,-0.17051
0.66597,-0.12228
-0.69603,-0.4166
-0.080079,-0.74787
0.020391,-1.1803
1.9823,2.1666
-1.125,0.87391
0.64303,-0.255
1.4012,0.60628
-0.82368,0.33282
0.047239,-1.1428
-0.85366,-0.47629
1.747,1.0001
0.17585,-2.2988
0.4218,-0.41552
-0.23218,0.16581
0.3851,-0.17444
-0.5266,-0.3575
-2.4306,3.1003
0.14847,-0.12851
-0.83207,-0.76754
0.072375,-0.87076
1.2957,0.61788
-0.13932,-0.2145
-1.4029,-0.0026145
-0.16666,-1.295
2.0857,2.009
1.4442,0.76265
0.9006,-1.2254
1.4933,0.5473
-0.45553,-0.40292
-1.1347,0.28522
-0.70463,0.66584
-0.33356,-1.3933
-1.5127,0.46811
0.15842,-0.5081
-0.48894,-0.83163
0.57636,-0.56518
-0.90075,0.40124
0.36232,-1.1376
-1.2544,1.4763
0.21552,-0.34344
-0.41479,-0.48135
-1.013,-0.023442
-0.32853,-0.37495
0.27559,-1.0245
-0.016863,-0.95078
0.030549,-0.29294
-1.094,1.3659
0.36695,-0.4594
0.16315,-0.36086
1.1242,0.20257
1.6374,0.35709
0.32985,-0.36638
-1.8082,1.8914
-0.80055,0.24292
-0.57472,-1.6525
-0.23757,-0.73839
-0.30789,-0.17246
1.6195,1.038
-1.8858,1.3024
1.3014,1.1159
0.52224,-0.63958
0.59086,0.11513
0.45765,-0.040659
0.20094,-0.8898
-0.062485,-0.1806
-3.0434,4.8405
-0.61246,-0.68898
-0.021415,-0.10374
0.76461,-0.2043
-0.094604,-0.77639
-0.15286,-0.71076
-0.88529,0.14168
-0.7746,1.1565
0.61825,-0.25414
-1.3096,0.98438
0.88536,-0.31664
-0.82321,-0.1693
-0.57579,0.12165
0.019704,0.32471
0.55218,-0.73925
-0.17597,-0.046314
-0.6478,0.89391
-0.15718,-0.63521
0.011575,-1.0773
0.81507,0.023888
0.68733,-1.1387
-1.0027,0.87479
-2.2297,2.1177
0.095997,-1.9128
0.88841,-0.54278
-2.9845,4.5469
0.64799,-1.333
0.7482,-0.85489
-0.1738,-0.34689
0.69693,0.43332
0.61778,0.54132
-0.76219,-1.0091
1.1717,0.65496
1.1482,0.66064
0.42863,-1.0528
0.75218,-0.37992
0.16516,0.73621
-0.63573,0.8739
0.2559,-0.2558
0.54764,-0.28464
-0.32603,-0.68666
0.23141,-0.23926
-0.66801,-0.21188
0.53197,-0.072538
-0.73381,-0.14663
0.60552,-0.03263
-0.23216,-1.0482
0.80832,-1.0677
-0.15925,-1.1267
-1.3021,-0.042711
0.76528,-0.61134
-1.175,-0.11371
0.27983,0.2584
0.43991,0.0055448
-0.53671,-0.88839
-0.91819,0.4697
-0.6858,-0.21277
-1.0886,0.002058
-0.49005,-0.73932
-0.91601,-0.81555
-2.0191,0.96207
0.62794,-0.88309
1.1204,0.58843
-0.78403,-0.50269
-1.0086,0.40082
-1.0048,0.34068
1.5023,0.97015
0.65199,-0.51887
0.065188,-0.092228
-0.58464,0.63913
1.0002,-0.26223
-0.23033,-0.78376
0.63294,0.05333
0.1937,-0.46717
-0.034174,0.12836
-0.98891,-0.58072
1.9606,0.77994
-0.93662,0.46093
-1.6006,-0.22102
-0.22323,-0.59467
-0.28035,0.13689
-0.87773,0.32777
0.57335,-0.48061
-0.3661,-1.1305
0.4076,-0.38317
1.27,0.99027
-1.3969,0.99108
0.43491,-1.0849
1.4227,0.9582
0.32453,0.33151
0.50602,-1.0819
-0.2354,0.15715
0.5916,-0.67219
0.60171,-0.12987
-0.39393,-0.98111
0.69912,-0.24597
-1.8834,1.1779
1.3409,0.61059
-0.9091,-1.0411
-0.15371,-0.49047
-0.40298,-1.8087
-0.57785,-0.35384
1.9807,2.0826
-0.51052,0.29085
0.082708,-0.77902
-0.02492,-0.2823
-0.73692,0.16844
-1.1473,0.47488
-1.9357,1.6693
0.020666,-1.377
-0.82396,-0.00857
-0.71702,0.071646
-1.9292,1.3254
0.97339,1.3659
-1.6538,0.89478
2.0396,2.8826
-2.069,2.1724
0.26534,-0.3029
-2.361,2.8029
0.3707,-0.31292
-0.98792,1.0596
0.087985,-0.018827
0.63269,-0.089377
-0.78141,-0.90022
0.14191,-1.524
-0.91801,-0.22112
1.1752,-1.0725
0.96684,0.011764
-0.72241,-1.1464
2.3083,2.4764
-2.534,3.0924
0.8891,1.0489
0.21972,-1.4076
-0.35353,-1.1166
0.51739,0.15858
0.86169,0.44083
3.0355,5.4387
-0.61879,-0.86386
0.7454,0.079142
1.0141,0.054289
0.046975,-0.9638
0.20359,-0.44357
1.1369,1.3859
-0.35456,-0.93176
0.50559,-0.095815
0.94824,-0.50972
0.37833,-0.82736
-0.22859,0.47697
0.24182,-1.3255
-1.9044,1.9814
0.6995,-0.50044
1.5436,0.67927
-0.82345,-0.74678
-0.56849,-0.91857
-0.72265,-0.54125
-1.0054,0.43689
0.71864,0.20656
0.079057,-0.12012
-0.42956,-1.0468
-0.59647,-0.56701
-0.74438,0.9928
0.63179,-0.22961
-0.19683,-0.49031
-0.13004,-0.86155
-0.078598,-0.24166
1.1068,0.14616
-0.2561,-0.61892
-0.3969,-0.44225
0.38501,-1.2653
-0.67791,-0.18171
-0.16967,-1.0346
-0.51003,-0.48845
0.47942,-1.5779
1.2099,1.2822
-0.15623,-0.90882
0.82613,-0.29181
-0.071222,0.053907
0.86881,-0.39763
-0.61444,-0.23175
-0.11758,-0.56797
0.74016,0.06289
0.4924,-0.21377
1.7504,1.1998
0.020066,-0.47502
-0.010538,0.85939
1.0198,-0.0032523
-1.5938,0.22317
0.31418,-0.42276
2.2861,2.3594
0.020287,0.48735
-0.51084,0.53857
1.3727,-0.43579
-1.45,0.6065
0.655,-0.84228
0.21734,0.42529
2.0747,2.4961
0.46979,-0.58292
0.63915,-0.42411
-1.7162,1.3841
1.584,1.1771
-0.54673,-0.69123
-0.51118,-0.45447
2.0747,3.5047
1.0074,0.42912
-0.20761,-0.48066
-1.1442,1.0638
1.0425,-0.2783
-0.075472,0.11729
-1.6523,0.54284
1.7048,1.6059
0.96703,0.34599
-0.023642,0.19221
1.2832,0.64764
-0.28491,-0.88123
0.23493,-0.57766
-0.27652,0.42866
0.012858,-0.47981
-1.5292,0.57566
2.5134,3.8669
-0.42761,-1.8731
-1.2989,0.17973
-0.60765,0.10796
-1.8706,2.8291
0.38027,-1.9959
0.022123,-0.36414
0.0091295,-1.1078
1.4582,0.73171
0.24556,-0.62653
0.6423,0.040088
-0.16901,-1.0719
0.52616,-0.73947
-0.55969,-0.15855
-0.43317,-1.3656
-1.8596,2.6563
-0.47438,-0.35042
-1.1899,1.1337
-0.29749,-0.0057434
0.70022,-0.30467
-0.31976,-0.11144
1.3282,-0.3915
0.42235,-0.12384
-0.29305,-0.16151
0.79225,-1.0389
0.341,-0.53056
-0.67435,-1.8623
1.1441,0.62654
-0.043439,-1.3928
-0.49871,-0.45806
-0.16939,-0.84457
0.24761,0.33484
-0.51487,-0.040951
1.0351,0.33435
-0.29977,-0.37481
0.20031,-0.84373
-0.021546,-0.40949
0.87214,0.80212
1.6798,1.0189
-1.6824,1.2465
0.18005,-0.32754
1.2825,0.59847
-0.18117,-0.36351
1.2503,0.65026
-0.64264,0.32233
0.57836,-0.27047
0.48197,0.25872
-0.32037,-1.0218
-1.0762,-0.11561
-0.23999,-0.34912
1.0229,-0.55963
-0.50658,-0.31429
1.1337,0.13409
-1.649,0.72352
-0.6581,-0.41026
-1.1697,-0.049056
0.39698,-0.61439
0.55079,-0.0071741
0.75151,-0.010135
-0.25442,-1.0948
0.56973,-0.82132
-0.85746,-0.48834
-0.24494,0.26977
-0.23869,-0.031985
-0.51927,-0.70073
-0.94673,-0.65657
0.23207,-0.030221
0.54838,0.16065
0.34183,-1.0087
0.26734,-0.9513
-1.0775,0.59794
-1.5264,-0.32244
0.018605,-0.11732
1.5521,0.30258
-2.0255,2.1331
-0.20877,-1.475
-0.18283,-0.7097
-0.015621,-1.2665
-1.2387,0.17837
-0.70354,-1.1155
-1.09,0.080858
1.1137,0.29187
1.1031,0.020888
-0.22867,0.89029
0.065824,-0.019441
-1.3724,0.55091
0.02425,-0.49965
-0.39935,-0.6943
1.6714,1.0956
0.74302,0.075213
0.51384,-1.6882
-0.47556,0.43641
-0.024971,0.15829
3.1047,4.8231
1.5335,1.2396
0.056506,-0.39318
0.4369,-0.43128
0.2088,-0.18983
-0.16895,-0.18343
-0.26426,-1.7204
0.12186,-0.77807
0.82997,-0.49636
0.75213,0.19921
0.21291,-1.1302
1.026,-0.15498
-1.3184,1.0921
0.62447,-0.15526
-1.6679,1.7868
-0.31702,-0.56687
-0.59706,-0.23258
0.40847,0.33815
-2.2895,2.2232
-0.77357,0.39898
-1.6117,1.226
0.41844,0.21942
0.22857,-0.42993
-0.18287,-0.31835
-0.21002,0.32049
1.2027,0.20068
-0.044193,-1.4443
0.072727,-1.3637
-0.68344,0.029807
0.10185,-1.0475
-0.19684,0.1911
-0.18562,-0.49609
-0.40222,-0.094932
-0.21318,-0.012521
-0.10823,-0.1905
1.3136,0.29412
-0.54257,-0.27706
0.96503,0.0034359
0.2677,-0.028086
1.4309,-0.15738
-0.30968,-0.4161
-0.72566,-0.37494
1.2621,1.0177
-2.7451,4.1742
-0.56852,-0.81644
2.7334,3.4325
0.0547,-0.52002
-2.0505,3.1761
0.024972,-0.96364
0.318,0.22454
0.71957,-0.23857
1.3375,-0.044954
-0.21881,-1.1828
0.52634,-0.82207
0.56389,-1.2687
-0.020677,-0.43622
0.054026,-0.31654
-0.91491,0.24957
-0.52504,-0.74036
-1.0465,-0.91153
0.29797,-0.079758
-0.062475,-1.0885
-0.18163,-0.16678
1.4633,1.9297
0.12495,-1.513
-0.056967,-0.92374
-0.55061,-0.21803
-1.724,1.5248
-0.38938,-0.93192
-2.3496,2.9218
-0.57158,-0.26963
0.004583,0.52883
1.2392,0.85934
-0.81887,-0.50259
0.29735,-1.3566
-0.0054254,-0.41558
-2.2293,1.6998
-1.8522,0.46174
-0.19927,-0.1435
1.2094,-0.26741
-0.60359,-0.52652
0.66679,-0.07374
-0.72527,-0.23897
-1.0686,0.39848
-1.2963,0.74814
-0.23298,0.23147
-0.65622,-0.22073
0.37274,-0.037148
-1.4413,1.3076
-0.97483,0.15601
-1.2189,0.90963
-1.0729,-0.21431
0.61265,-0.40365
-0.45923,-1.3894
-0.56217,0.7135
0.1296,-0.47786
1.007,0.070459
1.9135,1.3471
1.5421,1.3886
1.3416,-0.38561
-1.8536,1.0701
-1.7072,-0.2651
-0.066719,-1.0056
-0.70443,-0.29404
1.0922,0.061716
-0.049767,-0.98593
0.11209,-0.42344
0.86503,-0.87678
-0.084634,-0.68837
0.57951,-0.95825
-0.55522,-0.15903
-0.6156,-1.1455
-0.68832,-0.81398
0.11011,-0.50492
-0.85341,-0.11287
0.78444,-0.51156
-2.4477,3.0694
-0.47578,-1.1613
0.55265,0.23484
-0.55338,0.4821
-0.29771,0.29945
0.11845,0.72825
0.10271,-1.1674
-1.1153,-0.73127
0.46336,0.093488
1.7575,1.2996
0.78752,-0.16546
-0.65758,-0.96745
0.1015,0.59598
-0.51811,0.16093
0.11338,0.02387
1.9084,1.9785
-0.53335,-0.55874
0.90895,0.96502
-1.0329,0.75891
0.27177,0.063915
-0.52387,-0.32203
0.53603,-1.3776
0.69368,-1.3489
0.45891,-1.3147
-0.10453,-1.5014
-1.0638,0.84889
-2.5711,3.7444
-0.45023,-0.39786
-1.4329,0.88747
0.92109,-0.12998
0.36724,0.31689
-0.25444,-0.31788
0.48706,-0.25311
0.086453,0.47712
-1.9523,1.4312
-0.40295,-0.97231
-1.0896,0.38323
-0.67768,0.10584
-1.958,1.686
0.29909,-0.60026
0.041107,-1.5627
0.20856,-0.89001
-0.24058,-0.9319
1.6458,1.3815
-0.22639,-1.0174
-1.3641,0.72153
0.84312,-0.29467
0.71013,-1.2704
0.70117,-0.026973
0.63331,0.20378
-1.2884,0.13809
-0.82598,-0.22733
-0.56515,-1.2826
-0.23232,-1.2004
0.84273,0.43795
-1.2956,0.017495
-0.078648,-1.2873
-2.1835,2.6466
0.85095,-1.6281
0.63421,-0.12629
-1.1888,0.48561
-0.039983,-0.202
-0.71186,-0.57223
2.5904,3.412
2.7645,3.2987
0.61815,-0.82844
1.8042,0.98607
-0.1553,-0.55292
1.0837,0.4605
-0.35292,-0.22182
-1.176,-0.87622
1.594,0.53071
0.40297,-0.4851
-1.3413,-0.58376
1.3678,0.91256
0.68885,-0.032398
0.31394,-1.1756
0.16739,0.66365
-0.7327,-0.22245
0.22027,1.2989
1.1813,0.60812
-1.429,-0.79847
-1.5611,1.7095
1.1309,-0.033445
0.44492,-0.29368
0.13552,-0.25033
-0.79872,0.31144
-1.1521,0.50779
0.8945,-1.4335
-0.3214,-0.94441
-1.3604,0.89971
0.54597,0.42348
-0.70516,-0.06676
1.1337,-0.27344
1.3621,0.032218
-0.023111,-1.1118
0.26024,-0.10179
0.027947,-0.63813
0.37953,-0.078246
0.67759,-0.84287
-0.8762,0.40017
1.0553,0.040254
0.15805,0.44077
-1.3782,-0.37308
-0.98743,-0.62334
0.36966,-0.35913
-1.2933,0.53956
-0.98013,-0.45666
-1.0029,0.064669
1.5654,1.3563
0.47389,-1.301
0.94571,0.76582
-0.54652,-0.34049
0.25765,-1.1633
0.32869,-0.19654
0.36722,0.56484
-1.0454,1.5698
1.059,1.3295
1.3829,0.41407
0.071982,-1.4102
-1.1066,1.0005
0.91618,-0.45422
-1.3998,1.4152
-0.49149,0.34649
0.784,-0.61887
0.31248,0.15343
1.8034,1.5653
0.11932,-0.02106
1.2665,0.81107
0.92654,-0.54145
-0.90999,-0.22658
-0.53845,0.21849
0.26522,-0.3348
-0.19259,0.198
-2.0273,1.7442
0.53372,-0.31133
-0.98567,-0.62366
-1.3788,0.18671
1.0406,-0.6779
-1.753,1.8564
-0.91146,-0.84271
-2.5485,4.2018
1.4092,0.99419
0.092346,-0.32877
-0.67081,-1.4823
0.84766,-0.77131
0.027405,-1.2962
-0.18165,-0.35513
0.46151,-0.91863
-0.71374,0.41079
-1.0217,0.17407
-0.63105,-0.93921
-0.37288,-0.58934
0.4938,-1.1306
0.32621,-0.67349
-1.2056,0.62861
2.1778,2.2986
0.72765,-0.39817
0.50109,-0.86182
0.59875,-1.4107
-1.2441,-0.50133
-0.074436,-1.3882
-0.19834,-1.5088
0.39908,-0.66577
-0.13546,-0.26433
0.3366,-0.68846
0.55723,-0.38078
0.67138,0.039683
0.23235,-0.3976
-2.5335,2.4752
0.44606,-0.42912
1.0879,0.53336
1.4421,0.94997
-1.1431,0.15918
-1.1248,1.0234
-0.43094,-1.3855
-0.57584,-0.060818
1.1246,-0.091249
0.27185,-0.2972
0.76502,-0.85498
-0.071875,-1.0197
-1.1232,-0.083771
-2.2139,2.3019
-0.57874,-0.289
-1.6321,0.5657
0.76466,-0.49767
0.36395,0.085894
0.64288,-0.5647
-0.023218,-1.0256
-0.76273,-1.0762
-0.63038,-0.73534
-0.12747,-0.60369
-0.762,-0.50806
-1.4241,0.92568
1.0772,-1.4375
0.96061,-0.78517
-0.54926,0.045743
0.64967,-0.48177
-0.27768,0.14578
1.5226,0.18952
0.44123,0.51277
0.35367,-1.2407
-0.80878,0.48086
0.15018,-0.30747
0.46459,-0.46206
-0.59365,-0.96465
1.7562,1.315
1.8778,0.95074
-0.72891,0.64021
0.55671,-0.43323
1.7541,0.79153
-1.2797,0.27134
1.7288,0.18653
-1.2526,-0.43648
0.97529,-1.0568
0.27107,-0.58113
-0.46664,0.19013
-0.4896,-1.3866
0.65451,-1.5205
0.40901,-1.0459
1.4442,1.377
0.32688,-0.20808
2.3763,2.4347
0.38478,-0.90142
-1.4589,0.30799
-0.13033,0.35088
-0.762,-0.16225
2.0969,1.9696
-0.41827,-0.59452
2.2387,3.0294
0.076194,0.69226
-0.52079,0.0096613
-1.1757,1.3201
-0.63339,-0.76767
-2.1382,3.2231
0.3932,-0.5727
-0.19871,-1.297
2.2056,2.4526
2.3733,2.9553
-0.69165,-0.34557
-0.16619,-0.82187
-0.062444,-0.28651
0.16711,-0.91267
0.43552,-0.30864
-0.047709,-0.3991
-0.20188,-0.69321
-0.36945,-0.23329
1.4474,0.21917
-1.7763,1.3058
1.0784,0.29023
-0.8541,-0.46122
1.0914,-0.29193
-0.29334,-0.14196
1.4506,0.83763
-0.86337,0.11361
-1.3972,0.092849
0.835,-0.452
0.09126,-0.16964
-0.3356,-0.20489
-0.99023,-0.074033
-1.1388,-0.59687
0.65801,-0.89509
1.5503,-0.042283
0.43859,0.26965
-0.053615,-1.0542
2.0359,2.1325
-0.018099,-0.49428
-0.28969,-0.26084
-0.52215,-0.28536
2.7095,3.2397
-0.4789,-0.12238
-0.009435,-0.38212
-0.16882,-0.46882
1.187,0.37591
-0.32032,-0.68755
-0.40796,-1.1722
0.62201,-1.04
-0.49802,-0.79113
-0.72712,-0.62054
1.2331,0.56984
0.91145,0.080393
0.18994,-1.1098
-0.6508,-0.21679
0.52937,0.17271
0.59186,0.54272
-0.56308,-0.085628
-1.0136,0.55025
2.427,2.4168
-0.11714,-1.1658
0.99865,0.46812
-1.1669,1.7367
0.5431,-0.59517
-0.147,-0.49658
-0.19081,-0.86285
-1.1265,0.26049
-0.83961,-0.23038
0.40386,-1.2045
0.26272,-0.38496
1.0966,0.37567
-2.4019,3.7116
0.97084,0.63905
-0.001507,-0.014426
-0.92134,-0.20732
-0.44007,-1.663
-0.80893,-0.36462
1.3338,1.0284
0.65253,-0.54428
1.1601,-0.68331
-0.40903,-0.24646
0.76916,0.4562
0.15612,-0.70141
1.1232,0.45496
-0.047343,-0.71012
0.4331,-0.7929
0.63556,-1.3692
-0.51786,-2.2586
0.058664,-1.76
-0.31021,-0.59542
0.33924,-0.34137
0.99147,-0.6429
-0.21157,-1.205
-0.5975,-1.2761
1.6209,2.2447
0.21967,-0.69435
-0.37907,-1.1608
0.41894,-0.059211
-0.13627,-0.88852
-0.88405,-0.3485
-0.18447,-0.27529
-0.2435,-0.96264
-0.93329,-1.3998
1.3134,0.9321
0.43132,-0.75194
0.26906,-0.72888
0.74861,0.38006
0.13035,-0.85635
0.53559,-1.3586
1.6474,1.7114
1.7167,0.34788
-1.2489,-0.30025
-1.2884,-0.012716
-0.96182,-0.99636
0.4598,-0.92722
-1.6921,1.5632
-1.7733,0.47948
0.0016551,-0.40361
-2.0016,1.2619
-0.37887,0.7333
0.1092,0.45487
-0.14485,-0.58619
0.13341,-0.4392
0.12463,-0.50815
-0.40915,-1.2798
0.68282,-0.43995
0.51634,-0.047466
0.33247,-0.48822
0.065863,0.65248
-0.43923,-0.13781
0.40675,0.32334
1.6747,0.69821
0.35847,-0.33598
1.5792,1.7095
-0.21138,-1.4192
0.47873,-0.3501
-0.83948,0.16659
0.25039,-0.78267
0.028851,-0.47329
-3.0291,3.9962
0.049383,0.13518
1.0278,-0.54047
-1.4262,0.57334
0.20013,-0.70874
0.83056,-0.57967
0.61236,-0.44747
0.65455,-1.0439
-1.737,1.2212
-0.69068,-0.53174
1.0069,0.24981
1.3441,0.012694
0.27294,-1.482
1.3567,0.084253
1.3833,1.5234
1.8755,0.91256
2.1918,1.993
-2.6304,3.1245
-1.207,-0.98875
-0.7787,-0.49148
0.96994,-0.42543
-0.83682,0.35941
0.90289,-1.201
0.97851,0.49854
-0.034402,0.59259
-0.36061,-1.1963
-0.44884,-1.3564
-0.32785,-0.52534
1.3877,0.6832
0.95406,0.17356
-0.81962,-0.2545
-1.7899,1.3564
1.7774,1.3713
0.74727,0.46576
-0.32725,-0.881
1.3303,-0.30423
-0.17484,-0.53665
-0.295,0.3376
1.9671,0.96812
1.8093,1.5555
0.06503,-0.59856
1.2078,0.82565
1.886,0.87264
0.046358,-0.26131
-0.32137,-0.017854
0.6926,0.90229
-0.099121,-0.49589
0.41323,-0.1607
1.5671,0.73903
1.0746,1.1035
-0.57189,-0.088952
-2.9825,3.546
-0.65675,-1.3102
0.10603,-1.0474
-0.4181,-1.5596
0.61147,-0.98687
1.4629,0.56
-0.83575,0.14094
1.8429,0.97805
1.9792,1.7667
2.4591,3.6503
-1.4181,1.2258
-1.0429,0.34724
-2.4839,3.6646
-0.49326,-0.76268
-1.2217,0.66001
-0.36223,1.3717
-0.70258,-0.69734
1.6548,0.95369
-0.049735,-1.352
-0.74753,-0.27716
0.0032685,-0.51536
0.76355,-0.91951
-1.0851,0.62361
0.72842,-0.78801
1.5062,1.1631
0.27328,-0.21536
1.6978,1.3847
-0.65908,0.92083
-0.15774,-0.047383
-2.0187,2.3745
-0.41252,-0.29376
1.5059,0.73437
-0.6264,-0.6605
1.3931,-0.65221
1.2416,0.4785
1.5882,0.80384
-1.4187,0.44786
0.98865,0.52181
0.33307,-0.31438
-0.94934,0.67109
-0.97186,-0.54399
-1.0086,-0.24178
-0.099627,-0.42317
-2.4629,2.5477
-0.65473,-0.40253
-1.0274,-0.0032189
0.78351,-1.5613
0.19958,-1.4271
1.7351,1.881
-0.77916,-1.2302
0.38211,-0.1317
-0.93128,-0.15741
0.052378,0.7437
0.59549,0.097192
2.023,1.6538
-1.2023,0.019171
-0.56044,-0.6971
-0.51323,-0.64014
-2.2262,2.162
-2.8975,4.1652
-0.019258,-0.50958
-1.0063,0.47755
-0.57679,-1.4374
0.49384,0.21188
-0.47528,0.08547
-0.57736,-1.022
0.26896,-1.0556
-0.2754,-0.28068
0.60282,-1.0677
-0.017825,-0.59328
0.070169,-1.8834
-0.37341,0.47762
-0.50182,-1.3345
-0.67351,-0.56924
0.86383,-0.5429
1.1101,0.94085
2.0368,1.8387
-1.4146,-0.2709
1.1053,-0.78217
1.3325,0.42324
-0.59509,-0.56931
-1.0437,-0.51784
0.29827,-1.4569
-1.2463,1.2048
-0.20585,-1.266
-0.85433,-0.93812
1.0057,-0.2819
-0.025541,-0.67349
1.7993,1.3376
0.89903,0.14499
-0.064299,0.22342
1.1175,0.077043
-0.67383,0.69531
0.21088,-1.2357
0.83245,-0.37035
-0.34501,-0.64826
-2.3053,2.8979
-0.014726,0.2163
-0.060959,-0.20262
0.2227,-1.2201
-1.3235,0.61519
-0.74772,-0.23318
-1.6662,1.3724
0.61854,-0.73616
0.71066,-0.53917
-0.78872,-1.0856
0.557,-0.44645
-0.9407,0.40429
-2.4788,2.5149
-1.3214,0.81161
1.3248,0.66875
0.9752,-0.5015
-0.6496,-0.36795
1.5714,0.32809
0.93863,-0.30815
-0.34647,0.20267
-0.15092,-1.3902
0.40387,-1.6031
-1.5542,1.5151
-0.72586,-0.79931
-0.93839,0.19265
-0.95341,-0.3842
0.46767,-1.3472
0.09778,-0.95031
-0.4385,-0.16808
0.36165,0.5689
-0.90891,-0.46196
-1.5117,0.40264
-0.12321,-0.74051
-1.1624,1.0575
-1.0342,0.50513
0.90825,-0.42997
-1.4742,0.72251
0.88415,0.8517
-0.6625,-0.36474
-2.4071,2.8646
0.21939,-1.2345
1.1522,0.48842
1.9099,1.0308
-0.70998,-0.41182
-1.2369,0.19618
0.43437,-0.35089
0.84037,1.0341
1.5021,0.49653
0.32926,-0.46191
1.0738,0.51809
0.98163,0.12154
-0.21812,-0.037601
0.2746,-1.0127
0.0062959,-0.12084
0.56604,-0.79467
0.36416,-0.53496
0.018808,-1.2598
1.0615,0.28274
0.0052315,-0.12813
0.592,-0.39622
-0.5794,-0.99404
-1.765,0.77702
1.2747,-0.73743
0.66655,-0.32325
-1.0755,0.52567
0.10535,-1.4586
1.0939,-1.1535
-0.42875,-0.15544
-1.2506,0.28487
0.31758,-0.26426
-1.0311,0.28023
0.49138,-1.0452
0.19564,-1.3423
0.80473,1.1612
-1.7071,0.89468
-1.5398,1.0717
0.38215,-0.30396
-0.52326,-0.46034
-1.2894,-0.17208
-0.46527,-0.23553
0.55136,0.36577
-0.49357,-0.48446
1.8073,1.326
0.99833,0.17492
2.5774,3.2723
0.40136,-0.47301
-0.35278,-0.58092
0.60317,-0.84692
-0.75198,0.23714
-0.39753,-1.471
0.054675,-0.87703
0.37722,0.12933
1.971,1.6975
-1.4783,1.5457
0.89683,-0.13887
1.6508,1.7458
0.28339,0.015253
1.3606,-0.4496
-0.86698,-0.16573
1.3926,1.0297
-0.64551,-0.75183
1.2471,0.74358
-2.0237,1.6667
-1.2229,-0.16897
2.6579,3.0348
0.40584,-0.77476
-0.3287,-0.24258
-0.91971,0.84227
0.28788,-0.094975
-1.6998,0.35936
-0.56612,-0.1461
-0.84903,-1.2869
0.47851,-0.5713
0.49936,-0.71929
0.45729,-0.0087825
1.5327,1.2518
0.56447,-0.57066
0.29736,-1.1774
-0.27459,-0.80214
1.6169,0.7334
-0.91558,-0.55437
1.7268,2.0104
-0.48491,-1.4924
0.13377,-1.284
0.58345,-0.63315
-0.66692,-0.1382
-1.3776,-0.119
0.022629,-1.0418
0.65005,0.38002
1.0591,0.25454
-0.25898,-0.64848
1.3879,-0.018278
-0.052345,-0.65238
0.4638,-0.99189
0.18682,-0.42804
-1.8651,0.72527
-1.0757,0.17621
1.7456,1.1106
0.48041,-0.71799
0.57188,-0.17997
-0.55091,-0.75511
0.12072,-0.63905
0.52874,-0.28017
0.15605,-1.0527
-0.6612,0.27889
-0.31201,0.53493
-1.9581,0.72451
2.4981,2.0911
2.5805,3.3487
-2.4033,3.3774
0.60859,-0.023941
-0.46144,-1.5508
0.37131,-0.82248
-0.30117,-0.23677
0.31368,-0.16253
-0.59907,-0.43158
-0.71877,-0.81556
1.4695,0.81431
1.4074,0.60018
0.37299,-0.18004
-0.65073,-0.67852
1.326,1.0535
0.16128,-0.98518
0.72859,0.17406
-0.91792,-1.0829
1.4575,1.1709
-0.39131,-0.053181
0.34443,-0.2893
0.47089,0.23515
0.51404,-0.91243
-0.66402,-0.59255
0.71967,-0.82861
0.96198,0.45633
0.22111,-0.08536
-1.4477,1.4416
-1.2105,-0.062505
-0.74488,-0.97431
-1.2345,0.76708
-1.6973,1.0076
0.50639,-0.10793
-1.6136,1.0737
-1.4691,0.19058
0.66475,0.15356
1.7274,2.3064
0.26493,0.0073369
2.2017,2.0819
-0.92783,1.0403
1.951,1.2238
-0.99034,0.80874
0.76926,-0.95465
0.95674,-0.12421
0.39946,-0.20055
-0.036218,-0.10508
2.1084,2.7963
-0.69064,-0.86104
2.3981,2.5996
0.3733,-0.30866
1.5647,0.60497
-1.4657,0.6766
0.58104,-0.35632
0.20211,-0.072668
-0.040302,-0.21808
-1.1636,0.68216
-1.0127,-2.0725
-0.86181,-0.34178
-1.1327,1.0239
1.2501,0.60651
-0.00015743,-1.3266
-1.9258,-0.3749
1.527,-0.16373
0.10204,0.50071
1.2551,1.5443
0.042492,0.10963
-0.21982,0.31125
1.287,-0.31499
-1.138,0.86177
1.2943,0.58941
2.028,1.5651
-0.25968,-0.54122
-1.1415,0.98019
0.85812,-1.2054
-1.0028,-0.67339
1.7118,0.36958
-0.4908,-0.38494
-0.58362,-1.2055
1.0834,-0.53025
2.3382,2.6732
0.17205,-0.07757
1.2349,0.71626
-0.42082,-1.2168
1.7479,0.50675
-0.56983,-0.3146
-0.96009,-0.41972
1.9082,1.8573
-0.12441,-1.0542
0.7999,-0.26698
0.36885,-0.27115
0.46936,0.29433
-1.2044,0.0069471
2.5157,4.2158
1.2708,0.2453
0.13763,-1.7658
1.5079,0.71012
-1.0031,1.1755
0.20418,-1.8182
-0.31912,-1.0552
0.29663,-0.27349
-0.78795,-0.36608
1.3732,0.46539
-1.2917,1.2904
-1.1492,-0.36362
-1.4072,0.1832
-0.47275,-0.6876
-0.27374,-1.0203
1.7505,1.257
-0.76051,-0.72744
0.45363,0.93145
0.037454,-0.93632
-0.27528,0.33074
-0.66559,-0.28491
-0.83331,0.7205
-1.3571,-1.076
0.39029,-0.61854
0.096987,-0.56917
-0.14502,-1.0599
0.79235,-0.31506
-0.70196,-1.7195
1.6209,1.2947
0.53389,1.0896
0.80449,-1.1966
-0.4942,-0.094615
-0.44471,0.10994
-0.11675,-1.0228
1.5537,0.88027
0.88752,-0.49343
-0.048945,-0.23192
0.32784,-1.0333
1.112,0.0051542
1.479,1.4904
0.52654,-0.46252
0.96572,0.14684
-0.16691,-0.054661
0.87155,0.29316
0.31999,0.72424
0.07536,0.70319
1.6235,0.52311
0.27784,-0.61252
1.0136,-0.27437
-2.097,1.4694
0.14769,-1.8894
0.541,-1.0592
1.5937,1.8882
-0.3111,-1.4305
1.721,0.40214
-0.62425,-0.6059
-0.94776,0.24756
0.82192,-0.070452
1.0817,1.1871
1.7878,1.604
-1.2578,1.1899
-0.32176,-0.54426
-1.3522,0.57313
-0.48681,-0.088743
1.0168,-0.45744
0.90278,-0.49418
-0.13935,-1.245
-0.31374,-0.35271
0.39937,-0.021795
0.067343,-0.82102
0.14786,-0.55164
0.18334,-0.042292
-0.20785,-0.0080196
0.69864,-0.35805
-0.79635,0.0021524
0.40652,-0.40572
0.93203,-0.64756
-2.363,2.9317
1.1066,0.95344
-1.7197,0.74374
0.15145,-0.85527
0.34036,-0.32724
-0.5601,-0.36355
1.5354,0.58223
0.46206,0.7163
-0.35685,-0.25312
0.79865,-0.7821
-1.2978,0.91405
0.22599,-1.3343
-2.2462,1.8627
0.16816,-0.73951
-1.4225,-0.15569
0.38788,-0.98286
0.46672,-0.58417
0.046072,0.68691
0.45088,0.52489
0.49387,-1.2846
0.86089,0.3042
0.14096,-0.93309
-0.1649,-0.98945
-0.34224,-0.85994
0.5918,-0.28275
0.18111,-0.60178
-0.9984,0.14701
0.16756,-0.8648
0.93604,-0.35063
-0.9431,0.3082
0.92213,0.3362
1.0038,-0.28679
-0.0064327,0.4333
-0.83125,-0.25752
-0.62857,1.0143
1.0897,-0.35929
-1.2473,0.054345
-0.20591,-0.37679
0.28204,-0.43815
-0.74132,-0.45701
0.10533,-0.59814
0.5232,-0.096526
-0.41092,-0.71847
-0.051328,-0.35177
-0.023563,-0.079766
1.1965,1.435
0.4289,-1.0073
-0.15404,-0.41737
0.76377,0.0056778
-0.079694,-1.0498
0.061912,-1.4469
0.35298,0.42693
-0.9671,-0.5868
0.68616,-0.037871
0.4995,-0.34397
1.5019,0.42248
-1.7799,0.90819
-0.15102,0.078736
1.7966,1.2879
0.42591,-0.48812
1.1453,0.6685
-0.29308,-0.60081
0.68678,-0.37068
1.6339,0.58783
-1.5571,0.63658
0.81153,-0.70151
0.91324,-0.98051
-0.6672,-0.5967
-1.1596,-1.0337
-1.2589,0.074034
1.5736,1.3486
-1.499,1.264
1.4119,0.28829
1.4094,0.45164
-0.94901,0.14531
-0.46376,0.17245
1.8441,0.41987
0.2884,-0.65643
-0.1513,-1.8951
0.023011,-0.62766
0.23357,0.45618
-0.21735,-1.7025
-0.98381,-0.10634
-1.2809,-0.30837
-1.5426,0.38881
-2.2668,2.2851
0.19013,-0.83824
1.0342,0.73451
-0.57372,-0.30833
-0.88331,-0.1996
-0.18882,-0.018346
0.24232,-1.9154
-0.2692,-0.048575
0.24614,-0.8377
3.4202,6.3024
1.191,-0.12944
0.37677,-0.041574
-0.060016,-0.55457
0.37787,-0.63184
-0.88311,-0.62095
2.3005,2.8279
-1.0255,-0.09581
0.98674,0.46599
0.66188,-0.13095
0.93239,-1.4886
-0.84014,-0.71898
-1.3839,0.935
-0.29804,-0.61044
0.90452,0.1157
-0.1313,-0.43474
1.2154,1.1378
-0.12466,-0.43779
0.24141,0.40941
1.477,0.2382
0.59863,0.0089668
-0.87971,-1.2424
-0.12225,-1.7008
-0.71157,-0.45383
0.073635,-1.1798
-0.41229,0.019209
-1.2167,0.72148
0.64636,-0.084389
0.39133,-0.49542
1.3977,0.56047
-0.86751,-0.038344
0.71154,-0.10098
1.1701,0.79871
0.39968,-1.3741
-1.3059,0.43465
-0.60105,0.56016
-0.080301,-0.62809
0.13389,-0.09047
-0.087605,-0.44606
-0.12146,-0.27073
0.18739,-0.67772
1.2544,1.0923
0.89112,-0.50553
0.41948,-0.073706
0.26244,-1.2962
1.4508,-0.56066
0.26637,-0.58347
0.36377,-0.30874
-0.80608,-0.53289
0.89028,-0.32944
-1.6102,0.10723
-1.985,2.1862
-1.6351,1.4969
0.27179,-0.048577
-0.51599,-0.52381
-0.50606,-1.1771
-1.8873,0.20512
-1.105,0.82088
0.84018,0.1303
0.035996,-0.29754
-1.2289,0.94464
0.10061,-0.65461
2.038,2.1568
2.1217,2.2897
-0.19816,-0.81208
-0.25586,-1.261
0.81238,-0.42119
-0.98426,0.020033
-0.23127,-1.0207
-1.1495,0.79006
0.46141,-0.32835
-0.2375,-0.32677
0.18765,0.53151
1.2643,1.3308
0.47918,1.1047
-0.19998,-0.4677
-0.69637,-1.2622
0.94246,0.8653
-1.8715,1.9501
1.176,-0.43286
0.27509,-0.97616
1.2616,1.7343
0.24768,-0.38388
-0.86518,-0.098279
-0.64516,-1.7219
0.038622,-0.33237
2.232,2.3544
-1.4763,1.2365
0.038463,-0.77926
-0.28718,-0.39317
1.7187,0.98632
1.142,0.23902
-0.25149,-0.77735
-0.56965,-0.66883
-2.3504,1.9328
-1.1777,0.86729
-0.46525,-0.79001
0.15203,-0.63354
0.95127,0.20999
-0.84563,-0.83311
2.3099,3.0355
0.55207,-1.3923
1.4469,0.33445
3.0811,4.702
-0.20914,-0.63456
0.026497,-0.33976
0.071067,-0.30143
-0.49323,-0.31406
-0.99598,0.40361
-0.45983,-1.1291
0.78051,0.28373
0.5497,-0.68641
0.77133,-0.42231
0.080467,-0.83024
-0.91729,-0.74298
0.19584,-0.96202
-0.36921,-1.1653
-0.58071,-1.0442
0.77048,0.17982
-0.23289,0.17634
-0.14503,-0.9195
1.0154,-0.12716
0.73649,-1.0636
-1.1927,-0.068858
-1.2135,0.12359
-0.76075,-1.1264
-1.3185,-0.10114
-0.021328,-0.59277
1.3607,0.11017
0.83952,-0.41328
0.13689,-1.1884
-1.2552,-0.43662
-1.5896,0.056321
0.81607,0.026229
-1.238,-0.18596
0.13788,-0.41129
1.1937,-0.2478
-0.58777,-0.87658
-1.7193,1.3449
-1.5261,0.78048
-0.57428,-0.7842
1.2217,-0.56056
-0.99786,0.58813
-1.3526,0.38524
-2.4442,3.731
0.9232,1.3484
-0.55586,-1.2946
-0.3271,-0.51192
-1.4149,0.43832
-0.29847,-0.98067
-0.20925,-0.11435
-0.065719,-1.0123
-0.22787,-0.14706
-1.2737,0.56307
0.37997,-1.2079
-0.44904,-0.5829
-0.23378,-1.6183
-0.72413,-0.18533
-0.42284,-1.1358
0.43673,-0.44928
0.059135,0.27302
-0.33093,-0.43594
-0.11548,-0.48207
-0.98618,0.81639
0.4996,-0.93886
-0.72974,-1.1205
2.1997,2.3867
0.019948,-0.97068
-0.0031195,-0.71172
-0.86909,-0.27585
-0.35835,0.35432
-0.10421,-0.72888
1.7352,1.1468
-0.8138,1.0884
-0.78766,0.21938
0.76551,0.11136
0.89641,-0.53489
-0.50859,-1.0578
-0.92818,-0.28444
-0.27329,-1.4988
0.384,1.0245
1.6949,0.5319
2.1391,1.5603
0.24615,-0.23923
-0.59984,-0.43512
0.33924,-0.26239
1.2023,0.68226
-1.0289,0.26725
-0.62811,-0.35563
1.4199,1.3066
-0.73086,0.48076
0.73295,0.70834
-1.5253,1.9352
0.69581,0.389
-0.73207,-0.27736
1.5902,1.2588
-0.42473,-0.29512
-0.063369,-0.24249
2.1937,1.9929
-0.45468,0.44829
-1.0767,0.85202
0.41627,-0.17246
0.393,-1.4892
-1.1527,0.19635
-0.15737,-0.98699
0.79098,-0.87501
0.82998,-0.05632
0.45086,-0.50162
0.48218,-0.82063
0.67477,-0.39719
0.85595,-0.8734
0.12249,-0.52495
1.1126,0.96318
-1.1292,1.0976
-0.20635,-1.3573
-0.6087,-0.99502
-0.12569,-1.9122
-0.012825,-1.0226
0.63714,0.42393
-0.011548,-0.68523
0.22434,-0.64443
0.46755,-0.68316
-0.17347,-0.24225
-1.288,0.48362
-0.51076,-0.90864
-0.63584,-0.42275
-0.57523,-0.63891
0.08528,-0.15918
0.30871,-0.96668
-0.0052602,-1.4303
-0.61779,-0.018
0.48393,-0.6476
-1.2102,1.5219
-2.9228,4.4499
-0.054394,0.32972
0.65388,0.29357
-1.8957,1.9045
-1.4139,-0.01818
-0.35847,-0.28066
0.47593,-1.0409
-1.4777,1.1912
-1.5424,2.0226
-0.12347,-0.45473
0.82294,-0.61313
0.58118,-0.14744
-0.84175,-0.33357
0.33577,-0.55182
-0.2276,-0.99763
0.77375,0.2368
-0.80905,-0.24696
0.086849,-0.3864
-2.0092,2.153
-0.9233,-0.038584
-0.05639,-0.87939
-1.2285,0.76233
0.38616,0.2298
0.059925,-0.94574
0.57139,0.28217
-0.26827,-0.69497
2.8845,4.2065
0.07974,0.014535
-0.023762,-0.49252
0.93138,-0.65901
0.2358,-0.31782
-0.36176,-0.039584
-0.039736,-0.40031
-1.8136,2.1324
-0.38657,0.61686
-1.198,0.61729
-0.13458,-1.5617
-0.98901,-0.13513
0.031709,-0.57288
-1.656,1.2247
0.19192,-0.18953
-0.45516,-0.21476
0.13018,-0.064081
1.0671,0.22109
-0.22372,0.80902
0.21704,-0.75548
-0.65726,-0.3877
2.2918,1.9515
0.89906,0.41837
-0.74567,0.23762
-0.01058,-0.52646
0.98941,-0.14423
0.6951,-1.0898
0.92052,0.091193
-0.14171,-1.0517
0.71063,-0.9995
2.5151,3.5821
-0.18547,-0.078022
0.10638,-0.78955
-0.52248,-1.2122
-0.17717,-0.5367
-0.14682,-0.70025
1.6665,0.99859
-1.118,0.9328
1.3037,-0.27124
0.23621,-0.40335
0.29613,-0.16599
-0.70358,0.45341
-1.7641,1.2025
-0.52401,-0.35627
-1.0058,0.23963
0.3913,-1.1764
1.3671,1.787
0.18585,-0.88835
0.1099,-0.21976
0.22842,-1.5893
-0.56004,-0.93086
-0.3507,-0.52459
0.39279,-1.101
0.75398,-0.23338
-0.64933,-0.97969
-0.62056,-0.43665
0.57781,-0.4876
-0.36264,-0.36875
-1.6824,-0.010221
-1.3482,1.3277
-0.13601,-0.47771
0.30193,-0.20958
1.1314,0.70926
0.43279,-0.60094
-0.57938,-0.34813
0.99819,0.63672
-0.73351,-0.90855
-0.16199,0.2326
-0.30346,-1.7172
-0.33671,-0.79899
-1.2903,0.65715
-0.22108,-1.291
-1.0554,0.3567
0.79611,0.75075
0.0063526,-1.1267
1.0452,-0.19352
1.0738,-1.0889
-0.18797,-1.2808
0.84309,-0.39208
0.50399,0.36739
-0.96862,-0.018855
0.092155,-0.75162
0.66086,-0.71032
-0.61105,0.2413
-1.8933,1.8878
-0.65822,-0.63636
0.92987,0.7548
1.2401,0.46715
0.57545,-0.65155
-1.6684,1.0191
0.70996,-0.36767
0.068972,-1.0269
0.833,0.087612
0.64526,0.055712
0.40514,-0.7718
1.3223,0.37237
0.71347,0.77504
0.60211,-0.69516
0.5487,0.0064299
1.0953,0.95776
-0.61178,0.08943
-0.95744,-0.85487
1.2486,0.21305
0.1317,-0.25041
0.20113,-0.26518
0.42056,0.16886
-1.5321,0.54578
1.3897,0.65995
-2.7985,3.8427
0.72014,0.10296
0.098845,-0.60155
1.0935,1.7792
-0.61923,0.51935
-0.59019,-0.37814
0.020859,-0.58722
0.74945,-0.76509
0.12856,-1.0974
0.51327,-0.64045
-0.19744,-1.3244
1.5546,0.36147
0.77228,-1.1294
-0.53636,-0.62112
0.40062,-1.2707
0.26053,-0.6159
0.82907,0.0666
-0.98143,-0.41337
-0.97326,1.0461
-0.63401,-0.79644
-0.68334,-1.1084
0.76911,0.10488
-1.4061,-0.084241
0.37071,-0.60547
0.10815,-0.42928
-0.262,0.61926
-1.7945,1.9478
0.45741,-0.50218
-0.51817,-0.12864
-0.46789,-0.028485
-0.45462,-0.85799
0.50356,0.02208
-1.4255,0.97685
0.20163,-0.39479
-2.7498,3.6505
2.4172,2.5053
0.17389,-0.74222
-0.71373,-0.99368
-1.6236,0.62864
0.71505,0.81507
1.5253,0.75099
-1.4154,0.041427
0.50725,0.35185
-0.27165,-1.0267
1.6184,1.2187
1.1139,-0.49962
0.59994,-0.8576
0.94315,-0.19902
-1.2978,0.036051
0.33753,-0.3193
0.7713,-1.1974
0.51211,-0.46733
0.10259,-0.71286
0.63138,-0.53643
0.67239,0.064179
-1.6432,0.60147
0.20528,-0.81894
-0.98849,-0.3841
1.0273,0.60571
-1.0413,0.61358
-1.0044,1.1605
-0.95433,0.59543
-0.23403,-0.57949
0.21665,-1.0818
0.18717,-0.17591
2.0926,2.2718
-0.60976,0.077928
-0.13426,-0.82151
0.40164,-0.62829
0.2357,0.11714
0.69599,-0.61773
-1.0933,0.073614
-0.046616,-0.36342
0.43343,-0.22679
-1.3298,-0.23647
-0.88042,-0.15158
-1.93,3.2379
-0.11243,-0.81521
-1.8821,1.0424
0.48558,-0.67615
-0.92066,0.25868
-0.68715,0.35559
-0.15158,0.22295
-1.615,0.70906
-1.1739,-0.40612
-2.0418,2.1405
0.91961,0.068782
0.20923,-0.8118
-0.43195,-0.68096
-0.35746,-0.30617
-0.17034,-0.85151
1.2031,0.20241
-0.4278,-0.71603
0.40225,-0.28108
0.37963,-1.1491
-1.4695,0.57575
0.014388,0.24844
0.8321,-0.75361
-1.3383,1.6397
0.45234,-0.86572
-2.7243,3.7178
-1.0981,0.11259
-1.1995,-0.37268
-0.095457,-0.28313
0.95061,0.34953
-0.35398,-0.75976
-1.1236,0.16302
0.59947,-0.38972
0.020912,-0.32313
-0.69739,-0.30575
1.41,-0.012571
1.9685,1.1754
-0.87235,0.60033
-0.34121,-0.44316
0.15498,-0.32309
1.7824,2.3149
-0.58282,-0.99036
0.28261,-0.61332
-0.68781,-0.26376
-0.28608,-0.22674
1.3964,0.19841
-1.0236,0.77559
-1.1883,1.0471
0.075454,-1.3845
-1.8667,1.4903
-0.58987,0.49844
-0.49387,-1.8031
-0.54622,-0.70976
0.47116,-0.55382
-1.8268,1.6799
-0.41745,-0.57485
0.65976,-1.0292
-1.3231,0.72653
0.43206,-0.77455
0.25458,-1.0868
-1.3486,-0.019307
-0.96987,0.51306
0.46278,-1.7414
-0.15933,-0.53509
-0.078239,-0.49538
0.88136,-0.71008
-2.0853,1.5828
2.0095,2.4259
-0.48583,-1.5125
-1.0913,1.1143
-0.13439,-1.1446
0.24813,0.10977
-0.28785,-0.57256
-0.3802,-0.43781
0.098397,-1.7705
0.99654,-1.1699
-0.23955,-1.0977
1.4652,0.026931
0.43799,-0.58254
-1.0037,0.21424
-0.70292,0.17157
-0.39042,-0.62443
0.2832,-0.89034
1.046,-0.53066
2.2529,2.4789
-0.49079,-0.49661
-0.070625,-0.71865
0.37428,-1.4188
0.097054,-0.94483
-0.44596,-0.22901
-0.86551,0.96552
0.5897,-0.073619
-1.2039,0.35579
1.6526,0.64681
1.8312,0.67425
0.73491,-0.25055
-0.028641,-0.27362
0.63594,0.19825
-0.45192,0.078804
0.44306,-0.96897
0.31671,-0.74515
-0.63886,0.14487
-0.5771,0.15912
-0.45939,-1.0798
-0.20394,0.073879
0.12714,-0.48519
-2.0254,0.2365
0.33019,-0.19511
-1.0124,-0.61788
-0.12552,-0.70952
-0.26397,-1.6643
-0.581,0.99073
-0.32647,-0.090644
-1.4296,0.11698
-1.3431,1.1209
0.29724,-0.50292
0.33219,-0.72347
-0.60564,-0.53194
-0.72767,-0.56111
-1.1872,-0.57201
2.5586,2.518
-0.61811,0.045288
0.11614,0.22199
0.095779,-1.4501
-0.56625,-1.2388
-0.48441,-0.32172
2.2327,2.0463
0.19669,-0.52584
0.63143,-0.39336
-0.032588,-2.2954
0.3667,-0.3943
0.24437,-1.464
-1.1383,-0.25127
-0.6543,-0.2893
-0.12528,-0.10349
-0.25309,-0.827
-0.46753,0.14984
-1.1973,0.076001
1.3964,0.9691
-0.31296,-0.081179
-0.70229,-0.44466
-0.28608,-1.0462
0.58414,-0.40187
-1.4966,-0.15142
-0.9048,0.29366
0.92324,0.089399
0.65159,-0.33205
0.55381,-0.42824
0.82966,-0.56624
-2.5729,2.9867
0.35813,-0.82506
1.3211,0.49527
-1.1496,0.083531
-0.52713,0.26541
0.086696,-0.14197
-0.51825,-0.42632
0.439,-0.17045
-2.4811,2.7701
-1.7916,1.0294
0.42464,-0.32775
1.3641,0.74593
1.4505,0.077183
1.4129,0.85509
-0.95994,0.14174
-1.5913,1.2351
-1.2728,-0.1274
0.11557,-1.3654
0.612,-0.10864
0.10236,-0.63077
0.90184,0.49084
-0.49535,-1.7046
0.91592,0.10288
-1.5504,0.19452
-1.4828,1.115
-0.33758,-0.59635
0.14399,0.37396
3.2132,4.7425
-0.5169,-0.58149
-0.38384,-0.86658
-0.2682,-1.1621
-0.64267,0.015798
-1.186,0.39485
0.044336,0.30479
-0.51321,-1.1028
1.5752,-0.16609
0.84989,-0.16724
1.3329,1.1595
-1.4796,-0.29394
0.15882,-1.181
-1.8285,0.5219
1.0173,0.18894
-1.7725,1.4569
-0.94099,-0.075227
-0.28906,-1.7384
-0.30998,-0.26918
-0.8457,-1.0583
-1.154,-0.13014
-0.78765,0.65647
-0.55458,-0.12069
3.0768,5.2979
-1.4621,-0.14276
1.1689,-0.76176
-1.1611,0.094126
-1.4138,1.0418
-0.54965,-1.3142
-0.59344,-0.4964
-0.1249,-0.95297
1.278,1.2337
0.53441,-0.091734
-0.37593,-0.077834
-0.061396,-0.22114
1.0682,0.35492
0.72486,0.35902
-0.67296,-0.33904
-0.69392,-0.71393
1.2358,0.457
-0.57922,0.28648
-0.082223,-0.9303
-0.65613,0.099123
1.9605,1.8385
-0.00045949,-0.54255
0.031632,-0.76699
-0.9065,0.21101
0.030319,-0.6646
-0.34065,0.26299
-0.95762,0.016414
-1.5809,0.41738
0.054808,-1.7873
1.3316,0.83069
1.259,-0.10362
-0.0087107,-0.83932
0.4317,-0.13265
-0.1747,0.25538
-0.95188,-0.73692
-1.4311,-0.85845
0.63379,-0.94899
1.1536,-0.38493
-1.293,-0.12763
-0.28857,-0.52879
0.39491,-0.36841
-0.71372,0.38561
0.41172,-0.65831
0.60095,-0.11426
0.40908,1.0683
1.1205,-1.0708
1.3089,-0.035982
0.095318,-1.0271
1.3632,-0.51516
-0.10725,-1.3622
0.39691,-0.74873
1.2039,0.095119
0.50973,-0.067604
-0.77488,1.1065
0.36612,-0.31078
-0.61364,0.71606
-0.69642,0.83395
0.36972,-0.79508
-1.8644,1.3402
-0.024466,-0.055616
0.96286,0.16987
-0.28249,-1.1807
-1.7077,0.39023
-0.11374,-0.50685
1.1501,-1.0453
0.65378,0.042896
0.32562,-0.29747
-1.0302,-0.58451
-0.87271,-0.91667
-0.042294,-1.0696
2.0954,2.1729
-0.95373,-0.50339
0.34265,-0.78298
-0.040875,0.6082
-1.8402,1.819
1.9542,1.2912
-0.58556,-0.94011
0.62794,-0.10872
0.67303,1.1248
0.17448,-0.75383
0.4369,-1.5586
-0.82765,0.46003
-0.6183,-0.3939
0.41022,-0.29814
-0.32777,-0.42628
0.53169,-0.12221
1.4692,1.0881
-1.1103,-0.27009
1.4831,1.1518
-0.15843,-1.3649
2.1696,2.4926
0.29717,-0.90797
1.1649,0.37178
0.036031,-0.98585
0.044876,-0.90498
-0.74215,-0.10576
-0.53838,-0.72755
-0.69135,-0.31743
-1.2683,0.65866
-2.8607,5.0729
-0.91774,-0.5636
-1.0034,0.052541
1.3867,0.74458
-1.902,1.6409
-0.96744,0.4174
0.54503,-0.074864
1.4399,0.99562
-0.44024,0.097355
-1.4111,0.79483
0.59783,-0.44558
0.46186,-0.56122
-0.41115,-0.85518
-0.058082,-1.2639
0.47205,-1.1008
-0.30996,-0.23037
0.77449,-1.1137
1.2198,0.56082
0.70913,-0.15077
-0.69563,0.19778
2.2965,2.9468
-0.073281,-0.26391
0.27764,-1.355
0.42147,-0.45792
0.81678,0.23579
-0.63949,-0.69106
-0.16452,-0.56869
1.0654,-0.23977
0.66552,-0.41887
0.99096,-0.2513
1.7272,1.3327
-1.0043,0.93341
-0.95137,-0.84171
0.45098,-0.61514
0.82954,-0.034338
0.25501,-0.79327
0.61877,0.80375
-0.59394,-0.4484
-0.64993,-0.98322
-0.013927,-0.43825
-0.32212,-0.93716
0.10743,0.15319
0.36615,0.0083713
-1.2004,0.74042
-0.044367,-0.94082
2.0209,0.99794
-0.61676,-0.23151
-1.407,0.90347
0.43537,-0.63829
0.01574,-0.8154
-0.97046,-0.10017
2.4894,2.6955
-0.093152,-0.31381
0.84141,-0.43697
-0.58356,-0.081196
-1.6156,0.82482
-0.55123,-0.77606
-0.35023,-0.29363
0.99678,-1.0779
-0.70423,-0.64396
-0.24847,-1
0.78326,0.22536
0.20527,-0.8043
-0.64597,-0.38682
-1.4525,1.3186
1.0427,0.88774
1.0567,0.52918
1.0749,0.39302
0.98019,-0.55487
0.94498,0.5242
0.78787,-1.1203
-1.045,0.44227
-0.52016,-0.69474
0.47979,-1.0915
1.5708,0.73277
0.60686,-0.19993
-0.88302,0.50495
0.86229,-0.89573
1.4519,0.65323
-0.51082,0.18096
-0.99406,0.65348
-0.56055,0.031942
0.80612,-0.43846
1.2547,0.58437
0.38174,-0.53997
-1.49,-0.087888
-0.3044,0.57404
-1.297,0.098306
1.9894,2.116
1.1365,0.84599
0.028207,-0.8442
-0.19712,-0.54193
-1.1756,0.18495
-0.42808,-2.0252
-1.4746,0.91559
0.75253,0.084856
0.070601,-0.47022
-1.1159,0.42626
-1.0502,-1.3967
-0.69307,-0.37979
-0.23912,-0.1568
-0.58658,0.38309
-0.75264,-0.054676
0.3602,-0.4581
-1.4141,0.78942
-0.078736,-0.91081
1.6721,0.16026
0.39937,-0.92018
-0.98297,0.34852
-1.7126,1.3776
-0.54144,-0.07587
0.56254,-0.71024
-1.3983,0.49867
0.9642,-0.56959
-1.0937,0.78432
-2.1823,2.5482
1.1743,-0.37846
1.4061,-0.48013
-1.6791,1.0504
-0.57799,-0.97314
1.4635,0.4339
-0.88323,0.74329
-1.0708,-0.34328
0.48839,-0.097703
1.3354,0.39666
-1.1497,0.41846
0.033856,-0.98917
0.53737,0.3326
-1.7657,1.2785
-1.199,0.70667
2.1903,2.1784
-0.71631,0.20167
-1.231,0.77605
0.23633,0.39403
-0.17881,-0.2024
-1.5979,0.85321
0.31543,-1.1956
-0.45615,-1.3284
-0.60864,-1.0608
1.184,1.4889
-2.0959,1.91
0.79479,-0.79158
0.85504,0.24601
1.6014,0.12785
-1.6534,1.4222
-0.68734,-0.25869
-1.2274,1.4482
1.5665,0.6187
1.6325,0.25638
0.21982,-0.239
-0.84254,0.5986
-1.3536,0.7837
0.12343,-0.19692
-0.51492,-0.19844
-0.59219,0.58321
-0.9979,0.36563
-1.306,0.48967
-0.11087,-1.4534
0.013101,-0.28734
0.029225,-1.2658
0.87349,-0.82221
0.68909,1.1015
0.57408,-0.46801
0.26914,-0.3915
-0.081267,-1.9653
1.0612,-0.25921
0.8581,0.58682
-0.84786,0.3883
1.3111,-0.384
-1.6752,1.2706
0.18213,-0.51694
0.26544,-0.73255
1.6474,0.94101
-0.38146,-0.55031
-1.3974,-0.042303
0.30543,-0.41999
-2.5073,3.6909
-0.13893,0.53457
1.5375,-0.38409
0.2038,0.19413
-0.70201,-0.47595
1.1836,0.7248
1.6792,1.3369
0.54353,-0.14902
-0.74161,0.28343
-0.0096607,-0.92459
2.533,4.2101
0.47043,-0.04344
0.36836,-1.4878
0.39245,0.9756
-0.65112,-1.256
-0.87791,-0.30034
0.56833,0.5451
-0.43076,-0.26464
-0.32638,-0.10867
0.5824,-0.32034
0.78879,-0.56373
-0.86599,0.27456
0.72678,0.23054
-0.47561,0.38507
0.24804,-0.78841
1.4519,-0.39148
0.14835,-0.25671
-0.085432,-0.12095
0.44335,-0.36721
-0.0016077,-0.5442
-0.095419,0.4581
0.54256,0.48349
1.9281,2.3167
-0.065439,-1.2912
-1.1326,-0.72699
0.10983,0.034222
-0.55578,-0.21124
-1.186,-0.41126
1.3806,0.51454
-1.6513,1.2647
0.33342,-0.18389
-0.025134,0.14156
-1.0242,-0.14431
-0.53423,-0.14905
-2.0133,1.8531
0.18709,-0.74933
1.2761,0.26143
-1.4278,1.0817
-1.7306,-0.13146
0.024146,-0.36048
0.724,-0.58372
0.67747,-0.63332
-0.43552,-0.62614
-0.98903,-0.077809
-0.38396,-0.82286
-0.30361,-0.83213
2.2618,2.6123
-0.37747,-1.4139
-1.0224,0.26717
0.093451,-0.52756
1.2826,0.36571
0.97336,0.6912
0.34072,-0.32078
-0.084075,-1.2795
0.56143,0.13358
-1.2774,-0.66192
-0.34057,-1.1562
0.52904,-0.38814
2.8245,4.419
-1.0427,0.061542
-0.24173,-1.3337
-2.7685,3.0866
-0.086943,-0.3689
-1.1581,1.0268
1.0909,-0.28047
0.52072,-0.63376
-2.2228,3.4966
-1.0258,0.84763
1.8453,2.3565
-0.27131,-1.5095
0.097615,-1.3345
1.1825,0.2334
1.4278,-0.38609
-0.28341,-1.8126
-0.72999,-0.20492
0.12757,-0.7442
-0.37812,0.073216
-1.8745,1.0253
0.42103,-0.69525
-0.57428,-0.49899
0.27205,-0.28464
0.30734,0.71781
0.64918,-0.45465
0.16641,-0.069218
-0.59227,0.40823
-1.6552,1.4816
-0.83901,0.43304
-0.45066,0.28591
0.6854,-0.22643
0.77464,-0.33234
-0.79778,-0.56395
-1.7121,1.8809
-0.88136,-0.29185
0.11274,-1.3156
0.37851,-0.63081
0.051654,-0.78871
-0.48377,-0.8171
0.29616,0.043471
-0.42114,-0.83488
0.16632,0.33002
1.4936,1.0577
0.56037,-2.217
0.23069,-0.020316
-0.27325,-0.94386
0.83529,0.23019
1.9943,0.77362
1.2176,-0.00174
0.15352,-0.1619
-0.39588,-0.1106
-0.87347,-0.84368
-0.28873,-0.93924
-0.55573,-0.82506
-0.18781,-1.2142
0.12989,-0.89681
-0.97845,-0.069733
-1.0339,-1.002
-0.46754,-0.79143
-0.66034,-0.16218
-0.015643,-1.47
-0.014236,-0.63762
1.3775,0.63396
1.0541,-0.64161
-0.1655,-1.2913
1.3181,-0.018153
-0.96524,-0.6971
0.2024,-0.71946
-0.18258,-1.2066
2.0447,2.0054
1.6013,1.6978
-1.0931,0.70366
-0.22475,-0.29503
-0.85103,-0.092869
0.063629,-0.68475
0.53938,0.34121
-2.1564,1.6988
-1.2861,0.12651
0.63298,-0.14453
1.3723,0.54622
0.28057,-0.12771
0.56292,0.29946
-0.44003,-1.2146
1.1781,0.48855
0.6991,0.27342
0.26386,-1.3604
-0.92955,1.3297
0.82731,-0.32745
1.0677,0.31062
0.71079,0.14562
1.1684,0.5866
-0.51532,-1.252
0.69011,0.21552
-0.63946,0.23413
0.80692,-0.79731
-1.8896,0.40162
0.5988,-0.80633
-0.031891,0.39644
-1.3152,1.3057
0.91092,-0.94458
-0.50516,-0.59877
1.8918,1.3945
-0.7235,-0.63123
1.23,0.030031
1.1507,0.38664
-0.72085,-0.28538
2.8046,3.9188
1.7107,1.1927
-0.16354,-0.39621
-0.7297,0.54399
-1.2535,-0.11652
1.6313,0.56148
-1.0141,-0.42777
2.3771,2.3705
-0.15132,-0.85492
1.034,-0.70344
1.4283,0.35871
-1.3385,0.94321
0.080687,-0.13364
0.48337,-0.28084
-0.44987,-0.90572
-2.2111,2.5839
-0.9251,0.12284
1.5128,0.62865
-2.1365,2.3659
-1.8234,1.4214
0.3861,0.33155
0.039227,-0.23124
-0.010464,-1.0026
-0.45236,-0.77352
0.2917,-0.2519
0.89112,-0.58739
-0.66343,-0.0073939
1.5141,0.10703
-0.27855,-0.10735
-0.0004241,-1.0142
0.41687,-0.20858
-0.99711,-0.60171
0.93539,0.042564
0.53436,-1.4436
0.21942,-0.62621
-1.0767,-0.19307
0.88663,-0.55996
-0.43017,-0.82104
0.88607,0.56226
-2.2432,2.2392
-0.59492,0.034525
0.1675,-0.16267
0.61514,-0.53966
-0.027077,-0.58747
1.8894,2.857
2.1498,2.4526
-0.071707,-0.59668
0.83193,0.18002
-0.02486,0.048241
0.85634,-0.1196
-1.3653,0.36345
-1.0691,0.85128
1.1112,0.02141
1.0177,0.03542
-0.53831,-0.79831
0.34245,0.70767
-0.4368,-0.57317
-0.63863,-0.13095
-0.19913,-2.2607
-0.64184,-0.32811
-2.1027,1.7441
-0.14978,-0.83727
0.50932,-0.29322
0.38567,0.68053
0.18155,-1.0029
-0.38307,-0.29223
-0.56915,-0.41429
1.2913,0.2549
0.24045,-0.95161
-0.81215,-0.94514
-0.34694,-1.461
0.68742,-0.11929
-0.69959,-0.08185
-1.1865,-0.046254
-1.072,0.15365
1.0303,0.24898
0.33158,0.46595
-0.11166,-0.73953
0.81059,-0.19357
0.065251,-0.33497
-0.26604,-0.31469
-1.768,1.4863
0.34743,0.76027
-0.33341,-1.0234
0.19586,0.74744
2.8557,3.9444
-1.0185,0.20491
1.1749,-0.069004
0.63137,-0.066879
-1.1254,0.97123
1.062,0.69651
1.4062,0.68621
0.2444,-0.55499
0.57863,-0.32177
-1.3523,0.97463
1.2024,0.022068
-0.26646,-0.28704
-2.7367,4.0216
0.63246,1.3756
1.0574,-0.084206
1.8364,1.7585
-1.8329,0.99521
-2.1058,1.4357
0.12713,-1.2588
-0.13839,-0.91428
0.84103,-0.32086
1.5527,0.099835
1.1173,0.25052
0.66604,0.32374
1.8991,1.5442
-0.74668,-0.20516
-1.9139,0.12742
0.67281,-0.12101
-0.68005,-0.35756
-0.2068,-1.0736
0.35123,0.53213
0.039446,-0.40644
-0.30191,-0.035908
-1.4474,0.65672
0.058612,-0.81096
-1.3077,0.97885
1.1618,-0.38031
0.52916,-0.13324
-1.8347,1.9091
1.2819,0.75981
1.0525,-0.5776
-1.414,0.22964
-0.99693,0.46874
-0.057022,-1.0267
-0.46951,-0.68417
0.18669,-0.90467
0.3954,-0.89797
0.65346,-0.064682
-1.4209,0.15291
1.5468,1.4498
-0.68458,0.20476
1.6432,0.89699
0.95623,0.80291
0.13625,0.24494
0.17439,0.21792
-0.87692,0.99449
-0.52286,0.90082
-1.659,2.9742
-0.68137,-0.034551
-1.0264,-0.76528
0.015529,-0.057051
0.44248,0.77554
-1.5086,0.040418
-0.36419,-0.35612
-1.4371,0.013456
0.018279,-0.0025798
0.38401,-0.82649
0.33215,-1.4082
1.0721,0.7736
-0.32876,-0.45378
0.27506,-0.40938
-0.87905,-0.3448
-1.8374,0.79968
-0.35667,-1.7287
-2.3513,2.8955
1.7785,2.0613
0.73247,-0.33465
-1.7527,0.94843
0.30622,-1.3024
-0.37251,-0.44031
1.6544,0.64958
-0.028699,-0.28881
1.1591,1.6436
-0.16393,-1.5052
-0.52204,-1.1545
-0.70044,-0.19117
-1.8199,1.117
-0.38974,-0.068381
0.10089,-0.58828
-0.098759,0.099565
1.4004,0.21427
-0.6787,-0.19243
-0.65569,-0.23596
-1.1264,0.4551
0.23878,-0.92112
-0.77533,-0.16477
-1.0131,-1.3092
1.1333,0.76171
-0.33817,-0.66201
0.35603,-0.67803
-1.4318,0.058961
-0.87259,-0.63706
-2.0298,1.4733
0.8449,-0.20915
-1.7273,0.95096
0.048974,-1.424
-2.5002,3.2368
-0.63728,-0.90144
1.1693,-0.13658
0.24112,0.051777
1.4433,1.0532
0.33546,-0.15767
-1.8315,1.0849
-0.24081,-0.36081
-1.1052,0.54848
-0.3239,0.24579
-0.10822,0.01304
0.17888,-0.45008
-0.24559,-0.047275
0.09217,-1.1826
-0.18729,-0.53611
0.009002,0.045124
-0.88607,-0.73119
-1.9494,1.6378
0.76921,-0.14532
-0.23273,-1.2133
0.30362,-1.9292
0.18507,-0.33689
1.6934,0.99315
0.87127,-0.65672
-0.16038,-0.25039
-0.52739,0.066358
0.29337,0.5585
0.52692,-0.84854
0.31669,-0.20624
1.2238,0.28784
1.289,-0.03662
0.49771,-0.82255
0.4396,-0.69104
-0.81457,-0.97751
0.99082,-0.85265
0.82211,0.25917
1.9755,1.0081
1.1463,0.17968
0.30335,0.10956
-1.1607,0.24241
-0.37864,-0.30839
2.1007,0.68674
1.5346,0.65567
0.22483,0.23193
0.025992,-0.8416
-0.35419,-0.89821
0.10804,0.17714
0.27789,-1.848
-1.8982,1.276
0.88249,-0.035732
-1.5958,1.0991
-1.3525,0.242
-0.12257,-0.59978
0.43971,-0.91936
-1.615,1.0329
-1.8525,0.83619
1.6781,1.3374
0.707,-0.70491
1.5439,1.4261
-0.10291,-0.24806
-0.27187,-1.3771
-0.39372,-1.1476
0.14436,-0.97229
0.19318,-0.32994
1.0086,0.15168
0.33323,-0.48629
0.23229,-0.32958
-0.45881,-0.1706
-0.75628,-1.6997
-0.58205,-0.69485
-0.43607,-0.5438
0.541,0.16779
0.51652,0.33227
0.07363,-0.52203
-0.63175,-1.3985
-2.0168,1.9316
0.54382,-0.69172
2.02,2.305
-2.3982,2.3687
-0.41072,-0.63828
0.90001,0.6481
0.52983,-1.0179
-0.32367,-1.4194
0.19721,-0.23978
0.37796,-0.37743
0.77088,0.61584
-0.048681,-1.1886
-0.10148,0.44788
-0.51056,-0.2305
-0.57399,-0.95096
-1.3404,1.4933
0.62759,-0.25841
0.41797,-0.51625
0.5174,-0.29832
-1.4446,0.6892
-0.15449,-0.28101
-0.74997,0.10865
0.083652,-1.3502
2.6487,3.553
-0.006258,-1.5151
-0.098605,-0.65949
1.2377,0.089937
1.0794,0.88238
-0.57402,0.03807
1.5628,0.20995
1.4913,0.10051
-1.0526,0.15511
0.077949,-1.5444
0.57117,0.63022
-0.33583,-0.77457
-0.09181,-0.78497
0.76497,0.33104
-1.2878,-0.17192
-0.45071,-0.63019
0.28476,-1.1616
-0.91429,-0.5798
1.5892,1.4569
0.48809,-0.60117
1.1251,0.68641
0.04032,-1.0505
-1.3055,0.84537
1.9721,1.1089
0.54753,-0.20786
0.15438,-1.1216
1.1296,0.55978
2.7594,3.1767
0.1124,0.13897
0.32094,-0.86606
2.0616,2.4501
0.26015,-0.71345
-2.2808,2.5729
0.32963,-1.0318
0.13141,-0.9273
-0.41961,-0.50227
-2.1941,0.73684
0.799,0.36085
1.3672,0.46443
0.98777,-0.43445
-1.4519,0.39259
-0.77135,-0.43385
1.0648,0.073736
-0.28122,0.68095
-0.42898,0.14917
-2.1443,2.875
-1.2778,0.38087
-1.4911,-0.44703
-0.37931,-0.088416
0.77463,0.20367
0.94926,-0.37645
1.2812,0.022363
-0.19417,-0.537
0.39609,-0.59777
-0.057938,0.7596
-2.2978,3.2329
-1.0358,-0.61644
-0.73793,-0.45156
0.88861,0.1047
0.56584,-0.52741
-0.91193,-0.082697
0.24037,-0.035556
0.53226,-0.59914
-0.48513,-0.080875
-0.33794,-0.99729
0.232,-0.2512
-0.88314,0.38229
1.7163,1.3472
1.8176,0.56311
0.78243,-0.85143
-0.96587,0.27815
0.22607,0.047542
0.71932,0.0027402
0.7345,-0.77505
-0.47383,0.041571
0.87997,-0.49688
-0.59539,-0.24693
0.19238,-0.48307
0.86517,0.022645
1.2423,-0.02488
-0.6695,0.83334
0.15647,0.77424
-0.22864,-1.2405
-0.22828,-0.43687
1.517,0.50863
0.64649,-0.18884
2.2521,1.7791
-0.98723,0.29851
-0.62705,-1.5096
-1.5378,0.1499
-0.63824,-0.6728
-0.44583,-1.3259
0.42016,-1.3359
-0.13227,-0.58965
0.26078,0.24533
-1.5833,0.066802
-1.1967,-0.092862
-0.32345,-0.35107
-0.1305,-0.44989
-0.36846,-0.057846
1.5892,0.64181
-0.93069,-0.69793
-0.54682,0.40381
-1.0083,-0.1919
-0.43219,-0.063354
-0.48087,-0.2609
0.15512,0.16419
-1.4641,0.17489
-0.33943,-1.3545
0.86226,-0.19577
0.81686,0.47815
-1.469,0.15243
-0.96806,-0.61365
-0.58239,-0.79342
0.17201,-0.77286
-0.8414,-0.53401
0.064198,-1.6696
-0.99107,-0.30736
1.0671,-0.52146
-0.27844,-1.5227
0.70875,-0.56313
-1.6842,1.0708
-0.83466,0.098985
-0.59271,-0.7153
0.47844,-0.46777
0.47776,0.21397
1.8125,2.3095
-0.71193,-1.2499
0.57945,-0.45543
0.24021,0.27081
0.15213,-0.16679
0.68646,0.18496
-0.91427,-1.1217
-0.8186,0.30654
-0.16356,-1.1911
0.6753,-0.43933
-0.77974,-0.6075
-0.2704,0.048677
-0.012359,-0.58882
0.46818,-0.95414
-0.64503,-0.42917
1.7428,0.99187
1.4811,0.97648
-1.2791,0.95707
0.59124,-2.6336
-0.27421,-0.37718
0.37791,-0.78481
-0.074131,-0.73871
0.1326,-0.13715
-0.90174,0.32347
1.0709,1.4306
-1.8088,2.1783
0.1329,-0.66341
-0.036434,0.60538
1.1973,0.60229
-0.044833,-1.2707
0.9037,0.087265
-0.26907,-0.50296
-0.85204,0.66708
1.0457,0.57549
-0.33432,-0.46775
-0.0099685,-0.21713
0.22475,-1.4893
0.39512,-1.1032
0.16766,-0.64204
-0.34015,-1.0762
-0.76762,-0.16705
0.35191,-0.71086
1.3214,0.3876
-0.59575,-1.9328
-0.11991,0.5985
0.92583,0.35975
0.11139,-0.96818
0.20072,-1.3151
-0.63313,-1.3592
0.17298,-1.7699
0.56997,-0.5092
-1.0385,0.41048
2.2044,3.3696
-1.0845,0.011643
0.65351,0.33795
-0.54404,-1.01
-0.71864,-0.87227
-0.37113,-0.81162
-0.83107,-0.38031
-0.13785,-0.94584
-0.70435,-0.23587
0.94321,-0.85921
1.2693,-0.10882
0.78731,0.21731
1.3737,0.0099821
-1.0925,-0.16092
-0.94185,-0.85108
-0.8944,-1.088
-0.19718,-0.77163
-0.77859,0.13248
0.55119,-1.1448
2.1308,1.1509
0.40724,-0.76211
-0.39226,-1.0387
-1.7677,1.7994
-0.77985,-0.5636
2.7213,4.0696
-0.55004,-1.0666
0.39676,-0.78244
1.2942,-0.2083
0.3641,-1.1362
-0.44084,-0.27316
-0.66474,-0.5666
1.0794,0.9388
-0.65979,-0.67664
-0.47648,0.27149
-0.30593,-1.073
1.5735,0.86502
0.81366,-0.77654
-1.0287,-0.39407
-0.57347,-0.97593
0.96516,-0.22874
0.95294,-0.17513
-2.3205,2.5524
1.0933,-0.020528
0.3723,-0.10967
-0.057322,-1.0574
0.90202,-0.6887
-1.9935,2.4088
-0.48789,-0.37406
-1.3958,-0.17668
0.42783,-0.44987
-0.17809,-0.98302
-0.021046,-1.0185
-0.85334,0.072282
0.85656,-0.60602
-1.4471,0.50018
-0.70122,0.033856
0.35181,0.11434
0.89326,-0.016232
0.097199,-1.2592
0.64696,-1.0683
-1.0959,-0.27268
-1.4763,0.67081
-1.2041,-0.83982
-0.0053781,-0.82226
1.0057,0.77176
-0.60027,-0.079761
-0.27622,-0.082467
-0.90742,0.50589
-1.1204,0.16659
0.99862,0.18648
-1.1109,-0.055402
1.6951,1.9884
-1.1234,0.49958
-0.16063,-0.75521
-0.95012,-1.3034
0.95179,-0.46725
-0.036597,-0.64327
1.6167,0.60862
-1.4129,0.26106
-0.01104,-1.3076
0.82533,-0.82306
1.5377,0.30689
0.16968,0.4063
-1.0528,-0.012535
1.2609,0.44867
0.99229,0.17813
0.19024,-1.2504
-0.022973,-1.1203
2.0944,2.827
-1.5335,0.49371
-0.83198,-0.89458
-0.0029746,-1.3057
-0.43247,0.16073
-0.83017,-0.81079
-0.87939,-0.51892
1.0475,-0.40109
-0.55084,-1.0419
-0.01815,-0.63663
0.65235,-0.14041
0.69571,-0.17945
-0.71387,-0.16243
-1.3861,0.81541
-0.10875,-0.60071
-0.099916,-0.35566
1.3311,0.24546
-0.59045,0.73893
-0.38142,0.034752
-0.64092,-0.07707
-0.8913,0.76972
-0.92654,0.45567
-0.28046,-0.41223
-1.062,-0.037125
0.53292,-0.57965
0.41708,0.077561
-1.5127,0.72839
1.5,1.2739
-0.26522,-0.5471
0.63539,-0.90741
0.31059,-0.3985
-0.6464,0.75614
0.59644,-0.77791
1.2859,0.47602
0.60249,-0.17095
-0.52915,-1.4145
-0.24567,-1.1211
2.3704,2.5043
1.0527,0.6107
0.081755,-0.51288
-1.349,-0.17645
0.97476,-0.27964
-0.66709,1.5862
1.0666,0.80683
0.22653,-0.70996
-1.9153,1.8796
0.90199,-0.58246
0.75577,-0.16167
0.60845,0.019009
-1.5113,1.0518
-1.0619,-0.74519
1.0984,0.029221
0.65899,-0.22785
-0.37897,-0.35098
-0.30445,0.19166
0.11732,-1.3319
0.31003,-0.42447
-0.3977,0.15877
-1.576,-0.036738
-0.48416,-0.40578
1.7057,0.96073
-0.88554,-0.11831
-0.70495,-1.0325
-1.6877,0.92913
-0.11569,-1.1619
-0.72269,-0.025603
0.17746,-1.2978
0.16885,0.7787
-0.088294,-0.71169
0.55667,0.00020622
-0.0026314,-0.41321
0.18057,-1.1829
-0.71413,-1.2829
1.0963,-1.2784
-0.00021409,-0.37995
0.82307,-0.051513
-0.17122,-1.0295
0.0041926,-1.8663
-2.2557,2.928
-0.029712,-1.2836
-0.80872,-0.042472
-1.598,0.92585
-0.19934,-0.5274
0.39957,-0.77081
-0.4642,-1.0269
-1.1709,-0.15238
0.89338,0.5112
1.8714,2.2738
0.97353,-0.15234
-0.5353,0.062684
0.964,0.072366
-1.2581,1.4359
-0.30232,0.10963
1.3757,0.48262
-0.78122,-0.61577
-0.32806,0.066121
0.49031,-0.75708
0.93847,-0.065374
-0.40416,-0.43937
-1.0797,0.12153
-0.33892,-1.4538
1.2196,-0.051542
0.2414,-0.7467
1.2572,-0.098125
-0.56819,-1.6242
-1.2961,1.085
-0.17738,-0.89881
-0.91656,-0.91515
0.039123,-0.14324
0.061066,-0.57778
-1.0222,0.79825
-0.61488,0.051912
-1.2319,-1.0324
-0.14898,-0.54951
-0.65897,-0.63117
0.19462,-0.12513
1.0081,0.46674
-0.032915,-0.93802
-1.9169,1.2783
0.94284,0.63014
1.8452,1.8515
-0.86499,-0.46548
-0.1522,-0.24449
0.556,-1.2737
-0.44594,-0.39432
0.28563,-0.88469
1.2391,-0.17382
-1.8076,1.6209
-0.21386,-0.24162
-0.57329,-0.46581
2.3062,2.3321
0.21097,-0.29071
-0.64716,-0.62605
0.40662,-0.70879
0.40267,-1.0279
0.6144,0.079052
1.8416,1.1239
1.1196,-1.1465
1.4117,-0.11685
-0.84945,-1.0993
-1.2855,0.10821
-1.0051,0.8882
-1.0513,0.59525
0.34934,-1.0919
0.49741,0.092124
0.058901,-0.62883
-1.107,-0.033544
-0.37091,-0.74596
0.87082,-0.015077
0.55574,-0.37097
-0.24266,0.47915
0.67131,-0.85605
-1.0042,-0.9709
-1.462,0.52533
0.096871,-1.4613
-0.81959,-0.12968
-0.035384,-0.32306
0.70528,-1.0219
0.33755,0.24674
0.089886,-0.45528
-0.06676,-0.28886
-0.45408,-1.8524
0.4239,-1.03
-0.20048,-0.016013
-0.30209,-1.0573
2.6557,3.635
-1.2565,0.7893
-0.58762,-1.1516
-0.33992,-0.30232
1.2889,-0.34813
0.33953,-0.57982
0.98886,-0.10453
-0.26736,-0.34053
1.2044,0.65198
0.3643,0.18256
1.1175,-0.16183
0.7361,-0.88777
0.24893,-0.90412
-0.1709,-0.22156
-1.3707,1.2807
0.20341,-1.1929
0.17339,-1.31
0.34361,0.39659
-0.19823,-0.84039
0.11222,0.18219
-0.59767,0.81734
0.56734,-0.27323
-1.8267,1.3218
1.4603,0.40825
-0.97573,0.29929
-0.74382,-0.35989
0.56587,-0.44556
1.6421,1.2041
1.3511,0.092513
-0.66682,-0.79253
1.01,-0.71447
0.92371,0.060044
0.50151,-0.65954
0.81488,-0.39716
1.499,0.88821
-0.11539,-0.83716
-0.52615,0.0036819
-0.4375,-0.55441
-1.8611,1.5488
-0.55379,0.6481
-0.4038,0.16466
0.3117,-1.0629
1.2091,0.19473
0.51536,-0.51294
-0.43898,-0.8067
0.2726,-1.0132
0.22985,0.09202
-0.98541,0.49159
1.2487,0.20712
-1.0838,0.98385
0.8669,-0.49216
-1.4322,1.0733
-1.2935,-0.15071
0.64451,1.0564
0.09932,0.30509
-0.19481,-1.1217
1.1545,0.30102
-0.57261,0.49438
0.83313,-0.42087
1.4261,0.27701
0.89217,-0.68447
-0.84416,0.082446
-0.27327,0.1734
0.64339,-0.80329
1.2391,-0.62688
0.31314,-0.75486
0.79763,0.066555
0.50723,-0.36599
-0.58873,-1.3108
0.11051,0.31755
0.052123,-1.3752
0.50123,-0.30086
1.1709,1.3081
0.40708,0.14664
2.0881,3.0308
0.92674,-1.1573
-0.25077,0.68012
0.3313,-0.87812
2.1126,2.192
0.27416,-1.176
0.40532,-0.47123
0.23036,-0.60819
-0.39423,-0.81506
-0.68437,-0.51221
-0.22029,-0.87293
-1.5612,0.80179
0.8182,0.53323
0.54836,-1.5316
-0.32267,-1.0597
-0.47795,-0.10401
1.2522,-0.60352
0.42534,-0.33783
1.0135,-0.34348
-0.75465,-0.60972
-0.83339,0.89949
0.34655,-0.11594
-1.0187,0.1292
1.1767,-0.1606
-0.028835,-0.55757
0.1579,-0.78422
-1.4914,1.218
0.52319,-0.25537
-1.2531,0.81145
-1.2176,0.26559
0.70769,-1.2568
0.6516,0.19626
0.92105,-1.088
0.032097,-0.967
0.15231,-0.46416
0.37968,0.10417
0.26566,0.027574
-0.1666,-1.2916
0.27166,0.17931
0.26445,-0.14067
0.46104,-0.32758
-1.0062,-0.33808
1.2401,0.39767
0.65927,-1.1641
1.0677,0.25358
0.77949,-0.075258
0.9791,0.08286
-0.26989,0.12753
0.50876,-0.38205
0.56042,-0.92479
1.1651,0.31497
1.4589,0.082697
0.76145,-0.79509
0.29114,0.33314
-0.12812,-0.18365
0.33342,-1.3158
-0.82401,-0.076979
0.63418,-0.28781
-1.0361,0.060112
0.35265,-1.5782
0.27997,-0.083003
-0.15138,0.52864
0.93429,0.30671
0.08648,-0.50604
-0.023052,-1.7642
-0.37415,-0.16541
-1.7472,1.8114
-0.53456,-1.1049
-1.2501,-0.039199
0.14854,-0.63585
0.5721,-0.98325
1.3,0.57423
0.86689,-0.2292
-1.0219,0.62791
0.77309,-0.57039
0.18383,-0.99555
-1.2162,0.27366
-1.3755,0.55754
-0.39586,-0.58797
0.58315,-0.58741
0.64701,-0.26509
1.2469,0.61143
0.79974,-0.7534
-0.59605,-0.77908
0.43559,-1.1543
-0.52711,0.22543
0.3941,-0.83447
-1.5273,-0.21569
0.72729,0.14277
-2.0553,2.9173
-0.093867,-0.67203
1.2415,0.21846
-1.2855,0.8623
-1.5694,0.14904
1.1289,0.32673
0.23135,-0.55056
-1.7869,1.5298
1.4443,1.2297
0.21218,-0.19867
0.15267,-0.35942
1.2397,-0.13075
1.547,0.44393
-1.8919,0.99415
-0.26763,-1.0319
-0.66145,-0.012177
-0.14663,-0.78294
-1.0475,-0.63926
-2.2796,2.3102
-0.30104,-1.0461
1.7862,0.76078
2.1484,1.5918
0.79368,-1.0291
-1.8733,1.5939
-1.6322,1.6478
-1.167,-0.32212
-2.0183,2.4287
0.61678,-0.14244
0.18027,-0.01715
-0.36687,0.30993
0.41163,-0.087657
0.90842,0.35749
-1.0271,-0.86386
-1.102,-0.67452
-0.62975,-0.50754
-0.19959,-0.86033
-0.61157,-0.44724
0.72409,-0.71448
-0.71448,-0.41784
1.0382,-0.2005
1.7979,0.93314
0.0621,-0.36351
-0.13881,-1.513
-0.88671,-0.61451
-1.1767,-1.6968
0.76969,0.30201
-0.97209,0.68198
0.21535,0.34475
-0.0091089,-0.40183
-1.0455,-0.57986
2.0615,1.4925
-0.78506,-0.23397
0.58912,0.14273
2.8275,4.2658
0.63746,-1.0524
-1.2664,0.36694
-0.97557,-0.10387
0.18048,-0.34148
0.82394,-0.96025
-0.35781,-0.98236
0.36797,-0.21439
0.20086,0.63893
-2.1519,2.4567
1.5407,0.9777
-0.3985,0.016396
-0.63486,-0.67448
1.3541,-0.3057
-0.067109,-0.63799
-0.1992,-0.86416
0.46065,-0.30895
-0.89036,0.77233
0.099061,-0.39945
0.42911,0.25092
0.12272,-0.1331
0.68437,-0.14333
0.12894,-0.64027
0.42236,0.13918
0.89967,0.19018
-1.2894,0.1831
-0.67586,0.56572
0.6729,0.62307
-1.4278,-0.0039819
-1.1944,1.0986
1.0479,0.45277
-0.24332,-1.0842
-0.47065,-2.0007
0.6099,-0.13467
1.2194,0.015707
-1.906,2.3604
0.38474,-0.40844
0.35075,-1.6091
1.4792,0.0070062
-0.36718,-0.29299
0.47554,-0.40376
-1.4865,0.51534
-2.5165,2.8577
1.0063,-0.53842
-2.3995,3.1863
-0.54838,-0.77276
-1.8908,0.39799
-0.050706,-1.3549
1.3524,1.1257
1.5392,0.43898
-0.52218,-0.63077
0.93619,0.01223
0.42616,-0.13779
1.4299,1.6055
-0.18487,-0.57233
-1.8198,1.8574
1.6967,0.49835
0.33295,-0.80808
-0.50183,-0.80035
-1.6415,0.84227
-2.5383,2.6464
-0.39967,-0.49038
-0.63407,-0.5975
-0.072176,-0.85734
0.42237,-0.25279
-0.067349,-0.62654
-0.29458,-0.66026
0.79941,-0.44851
-0.83875,0.96634
0.95752,0.10913
1.9439,1.0457
0.14042,-0.72695
1.0078,-0.34961
-0.65315,-0.0060215
0.43644,-0.44654
-0.35757,-1.2045
-0.020534,-0.40154
-0.43727,-0.095346
0.86796,-1.2736
-0.29645,0.44056
-0.074647,-0.47134
0.6477,-0.62959
-1.2914,1.5136
0.0087253,-0.44109
1.5425,0.08665
0.5463,-1.5771
-0.65247,0.26183
1.0591,-0.14963
2.1124,2.5488
1.6407,0.49251
1.2282,-0.070314
-0.56045,-0.55725
-0.37984,0.12706
0.20385,-0.90738
-0.23812,-0.38791
-0.12065,0.015068
0.71946,0.50628
-1.0528,0.85995
0.65154,0.36193
0.37793,-0.55967
1.6194,1.092
1.3079,0.62515
-0.1106,-0.58903
1.0074,1.6663
-0.29153,-0.14495
-1.0503,-0.6794
-2.3181,3.0983
-0.73623,-1.2935
0.16161,-1.112
-0.92644,-0.63555
1.1263,-0.40873
-1.3095,0.23871
1.4976,1.4691
1.1271,-0.68365
-0.75838,-0.1984
0.7148,-0.3409
0.74453,-0.10767
-0.73397,-1.0981
-0.19113,-0.97178
0.93587,-1.2883
-0.65748,-0.36984
-1.6192,1.8827
-0.48793,0.14127
-1.8624,1.6024
-0.46074,-0.57713
-0.80129,-0.1922
-1.0882,-0.9123
1.3228,0.65694
-0.43136,-0.53329
0.095506,-0.57569
0.0297,-0.53446
-0.25254,-0.34659
0.52939,-0.46564
-0.6944,0.060865
1.2585,0.22397
-1.361,-0.29389
0.48749,0.17957
-0.52594,-0.45808
-0.42511,-0.53248
-0.37709,-1.5597
0.4224,-0.54229
-1.0479,-0.76131
-0.60395,-1.0654
-0.51144,0.55588
-1.055,-0.56956
-0.11674,-0.96298
-1.1983,0.68213
1.3587,0.18039
0.75609,0.071603
0.090845,-0.32123
0.23025,-0.10679
1.4252,-0.21413
0.54909,0.098272
0.33396,-1.5492
-0.97392,0.52881
-0.22242,-1.1497
0.13979,-0.75666
0.16061,-1.2854
1.1885,-0.85169
-0.58634,0.00072197
0.49554,-0.20581
-0.88532,1.331
-0.36408,-0.64996
1.8985,1.6583
-0.53549,-0.42339
-0.55439,-0.98787
-0.18044,-0.6602
-1.1894,0.67868
-0.47828,-0.14283
0.46164,-0.95771
0.21559,0.1028
1.9787,2.207
0.099588,0.11559
0.16642,-0.08106
0.66253,-0.73179
-1.3579,1.022
1.0125,-0.72404
-1.0421,-0.4708
-0.23406,-0.59975
-0.63681,-0.64144
0.10564,-1.0733
0.12313,-0.37989
-0.50878,0.43981
1.5529,0.53361
0.76949,-0.99009
0.28448,-0.93806
-0.18042,-0.4812
0.25217,-0.85586
-0.21198,0.35732
-0.21101,-1.2458
0.038216,-0.59702
-0.76432,-0.58946
-1.5871,0.91705
0.039367,-0.7481
-2.8758,4.1937
-0.18705,-0.52651
1.6925,0.96638
1.0883,0.22653
-2.1987,2.8889
0.28128,0.023455
-1.6839,0.92556
-1.163,0.0078398
-0.1279,0.098522
0.73332,1.1809
0.30489,-0.92982
-1.9944,0.58244
1.066,0.25875
-0.14234,-0.070568
0.84622,0.05934
-0.43921,-0.00325
-1.6617,1.5603
0.059326,-0.15739
-0.25417,-0.36671
-1.7842,0.24898
-1.6002,1.6727
-1.2149,0.1833
-2.4691,2.9192
-0.81497,0.062058
0.24739,-0.83022
-0.073972,0.037352
1.4741,0.80393
-1.1862,0.043101
0.95643,-0.17124
0.31582,-0.95123
1.0052,-0.11903
-0.88895,-0.92557
-1.0494,-0.79388
0.46006,-0.75172
0.10821,-1.0945
0.0773,-1.1109
-1.9083,1.5425
0.25866,-0.18391
1.4954,0.076588
0.91553,-0.29441
-0.67517,-0.44673
-0.25723,-1.1511
-0.69914,-0.60819
-0.69666,-0.60393
-0.34602,-0.44729
0.56869,-0.51772
0.59303,-0.45728
0.62597,-0.64446
-1.2669,0.46155
0.71855,-0.42879
1.4645,0.58287
0.11145,-1.0294
-0.020044,-0.5419
-0.7557,-0.38357
-0.04731,-0.48331
0.54028,-0.39856
-1.0992,0.52993
-0.23438,-0.77868
-0.010316,-1.4133
1.416,1.179
1.2848,0.14663
1.9821,2.4538
-0.8932,0.98332
1.2017,0.68409
-0.66913,-0.13501
1.7279,2.0523
-0.93144,-0.078207
-0.71203,-0.3752
0.40236,0.026385
-0.5427,-0.29528
1.9927,1.001
-0.30394,0.21741
0.73818,-0.59264
0.5514,-0.75597
0.38732,0.10711
0.23093,0.33865
-0.13562,-0.21843
0.22017,0.11091
0.56483,0.65711
-0.71458,-0.58773
0.31996,-0.58842
1.0549,-0.2873
0.81104,0.83338
0.9901,-1.1164
0.73546,-1.3201
-1.0472,0.94267
-0.81284,-0.13172
-0.46103,-0.7315
0.61215,-0.79944
-0.04475,-1.1463
1.3799,1.9004
-0.35641,0.043057
0.57976,-0.75199
-1.6455,0.50591
-0.77254,-0.82977
-0.35086,-0.50023
-0.16382,0.6773
1.0993,0.17393
-0.65481,-0.063347
-0.7432,0.077597
0.061957,-1.0758
1.7629,0.66827
-0.31548,-0.52089
-0.89392,-0.19415
0.44066,-0.67264
0.4344,0.048154
-1.571,0.47044
1.5336,1.5877
-0.043116,-1.5276
-0.81475,0.77076
0.64256,-0.97754
-0.48075,-0.96675
-0.089866,-0.64071
0.32894,-0.017329
-1.567,0.40967
-0.10515,-0.24209
0.70728,-0.48097
0.63421,-1.2353
0.53161,-0.13064
0.64416,-0.55321
1.0275,-0.35396
-0.926,0.89965
1.0309,0.25733
-1.3321,0.94744
-0.35553,-0.91357
-0.61732,-1.0889
-0.82172,0.26112
-0.44534,-0.32368
0.10079,-1.5931
-1.4159,0.76726
-0.19416,-0.9438
0.13551,-0.81768
-1.5529,1.8974
-1.4273,1.292
-0.83496,-0.63852
-0.78781,-0.29006
0.90223,-0.29
-0.61845,-0.28907
-0.29952,-0.45172
-0.39417,-0.2999
-0.78588,-0.22828
-1.0689,0.19308
0.33593,-0.94812
0.4573,-1.0391
-0.83681,0.61119
-0.17929,-0.3517
-0.88292,-0.56276
-1.0818,-0.50893
-0.85242,0.11784
-0.091116,-0.011362
2.0272,2.167
-0.083956,-0.70063
0.73421,-0.18834
0.16436,0.10357
1.5548,2.5961
-0.79565,0.14358
0.24576,-0.80224
-0.4407,0.47234
1.5094,-0.18299
-0.45335,0.81226
2.7795,3.9719
1.6454,1.4727
0.27382,-0.18321
-1.2677,0.036723
-0.55558,-0.075205
-0.70285,-0.49176
0.53243,-0.6626
-1.2622,0.89339
0.99057,0.99307
-1.7402,1.9483
-0.71447,-0.46411
-0.23304,-0.91731
0.15853,-0.8663
0.10873,-0.64725
0.90311,0.67302
0.65543,-0.32524
-1.6131,0.48098
-1.9682,1.0633
0.93701,0.43479
0.06976,-0.24711
0.33403,-0.13752
-0.32381,-0.44326
0.10974,-0.37158
-0.56258,-1.6725
-0.068331,-0.80436
0.19335,-1.5213
-0.031344,-0.77884
-2.025,2.1718
1.172,0.018688
0.65382,0.32902
-0.45752,-0.68652
0.16857,-0.91397
1.5189,0.18819
-0.67694,-1.1484
0.8502,0.61071
-1.8401,2.1939
0.67401,-0.054516
0.93882,-0.18131
-0.85977,-0.82037
-1.0864,-0.3272
0.29425,-0.4035
-0.083011,-1.178
0.24989,0.12517
-0.56788,-0.77041
-0.6729,0.2386
-2.5085,2.8666
-1.5795,2.2251
0.48364,-0.86747
-1.4277,0.70647
0.063975,-1.2891
-1.0228,0.37197
0.9985,-0.81553
0.18903,-0.41282
1.5156,0.90983
0.13352,0.35122
0.15633,-0.17001
-0.59602,-0.73774
-0.64382,-1.2353
-0.12976,0.0012663
-1.4833,0.40126
-1.6527,0.43097
-0.33228,-1.0965
-1.1559,-0.73175
0.95777,-0.10614
-0.66869,-0.33082
-0.043229,-0.65634
-1.2747,1.1906
0.34543,0.0033487
1.3875,0.65103
-0.32941,-1.2473
-2.1863,2.143
-0.52795,-0.90685
0.38306,-0.51551
-0.50317,-0.98315
0.30359,-1.5232
1.7637,1.5121
-0.51806,-0.071582
-0.40623,-0.36231
-1.9466,1.2902
0.19137,-0.81995
-1.228,0.61769
-1.3238,0.78535
-1.4071,-0.10591
-0.76201,0.10258
-0.64996,0.27408
-0.61387,-0.54452
2.7623,3.8773
0.48923,-1.3549
-0.1241,-0.45184
-2.3754,3.7348
-3.101,5.5137
1.6303,1.8984
-0.56474,-0.119
-0.95669,-0.19238
-1.0277,0.56197
0.74595,0.14946
-0.382,-0.95004
-1.588,0.13354
-0.55109,-0.38823
-0.58898,-0.77782
-0.63526,-0.62919
-0.00030175,0.1859
-0.1218,-1.4216
0.57828,0.084966
-0.46861,-0.98143
0.028504,-0.15477
-1.1748,-0.18018
-0.61313,0.10199
-0.21796,-0.21344
-1.1167,0.57541
0.31201,-0.90932
-0.14957,-0.55592
2.5309,3.1012
0.83487,-0.68737
-1.362,0.4533
0.44556,1.0704
-0.39645,-0.34843
-0.00081887,-0.092361
0.64741,-0.23559
-0.73802,-0.70064
-0.21714,0.0056093
-0.10104,-1.363
0.44515,0.0060052
-0.46815,-0.54054
0.0083124,-0.045551
-0.62045,0.62094
0.29074,-0.11969
-0.26316,-0.0095664
0.79473,-0.21802
0.49615,-0.91696
1.0616,-0.10983
-1.3504,-0.33435
-0.57881,0.32352
0.16408,-0.40091
-1.9183,1.8005
0.17312,0.22926
-0.26675,-0.77918
-0.64503,-0.60027
-1.1898,0.4404
-1.5869,0.84513
0.55142,-0.23943
0.62572,-1.0017
-0.50629,-0.35737
-0.075362,-0.7347
0.53628,-0.8893
0.69939,-0.84948
-0.32286,0.18041
2.5085,2.6809
0.93031,-0.36647
-0.53733,0.1752
1.4908,0.43618
-0.094838,-0.5496
-1.0238,-0.019984
-1.0181,-0.48788
-0.62366,-1.225
-1.3282,-0.27717
-0.23843,-0.13345
2.2585,2.062
0.057506,-0.50785
0.13602,0.40403
-1.456,0.26727
-2.4879,3.1675
-2.3972,3.1762
-1.1186,-0.77623
1.746,1.1399
1.5204,1.2403
-1.5056,0.84442
-0.39301,-0.11717
-0.42845,-0.158
0.12577,-0.49723
0.7217,-0.83144
-0.22671,-0.70836
-1.7959,0.97968
0.26337,-0.89559
-1.9328,2.6595
0.54179,-0.32413
0.2335,-0.83143
-1.0287,0.28086
0.23131,-0.24765
-0.95179,-0.28609
-0.76345,-0.32283
-0.51133,-0.83615
1.3231,1.0943
1.5312,1.6417
0.23765,-0.30172
-1.224,1.07
0.037503,-0.25264
2.532,3.4068
-0.85014,0.37611
0.3014,-0.43476
1.5931,0.67464
0.38724,-0.50158
-1.3627,0.37335
-1.2255,0.46546
0.077771,-0.63414
-0.30467,-0.7816
0.52692,-0.15066
0.11802,-0.171
-0.43009,-1.4776
0.17477,-0.77098
-0.25683,-0.23694
0.47301,-1.4013
-1.1559,1.3457
-1.1547,0.37281
0.033143,-0.17257
0.85919,-0.080309
0.70519,0.42919
-0.93992,-0.84307
-0.3417,0.086242
-0.22704,0.23452
-0.17122,-1.4163
0.95537,-0.34763
1.1907,2.1427
-0.65842,-0.10462
-0.56226,-0.5153
-0.46214,-0.43433
-1.0476,-0.019089
0.97061,-0.43456
-0.44423,-0.44941
0.39525,-1.062
0.93913,-0.72081
-0.086238,-0.93822
1.1249,0.84247
-0.22968,-0.63072
1.4063,1.3331
0.88161,0.13137
1.21,-0.19681
-0.28518,-0.010382
0.58945,-1.1457
1.6202,1.4155
0.6225,-0.44016
2.1438,2.2263
0.60578,0.043287
-0.86984,1.0495
-0.12347,-0.0032925
-1.706,1.5608
1.0624,-0.28326
-0.80135,0.17841
0.63192,-0.79349
-0.44511,-0.44643
-0.31629,0.82128
0.43863,-1.1077
0.95601,-0.18664
0.86054,-0.12286
-0.37816,-0.09936
-0.93471,-0.54219
-0.55658,-0.86442
-0.086197,-1.0476
0.87515,-1.2039
1.1557,0.24966
-0.88711,0.5275
-0.81259,-0.29901
-1.0918,-0.47856
0.15077,0.089454
0.12958,-0.17038
-0.58476,-0.17696
1.3116,-0.28467
1.2261,0.077061
-0.84373,0.4321
-0.26132,-0.023915
0.019801,-0.033864
-0.54022,-0.15942
0.45983,-0.10411
-0.45677,-0.25776
0.64965,-0.048435
-0.57252,-0.20297
-0.053429,-1.6426
1.1786,0.43804
-0.70637,-0.44108
-0.62732,-1.0526
-0.75955,-0.18989
0.58745,-0.46776
-0.15336,0.70014
1.2663,0.62581
0.8492,-0.75286
-0.36937,-1.3742
-0.77567,-1.3861
-0.017386,-0.62609
2.3589,2.4412
1.02,0.22971
-0.65712,-1.5666
1.2645,-0.030983
1.667,1.088
-1.0791,-0.206
-0.83359,0.080924
0.74123,-0.46475
0.20294,-0.57857
-0.7508,-0.87798
1.2697,-0.35167
-0.41066,-1.1858
0.20109,-0.088659
1.0829,0.57365
-0.33148,-1.1947
0.99895,-0.79625
-0.24979,-0.015061
-0.18872,0.087645
-0.98351,-0.28061
0.64812,0.014128
1.8137,0.82212
-0.18785,0.12362
0.84662,0.79255
0.99685,-0.30718
-0.18779,-0.22224
-0.82486,-0.013251
-0.81466,0.42738
-0.17904,-0.63331
-0.024519,-1.2263
0.12873,-1.3264
1.3576,0.5637
-2.8238,3.567
-0.068141,-0.31783
-0.12944,-2.0679
-0.17709,-1.4445
0.10947,-0.85614
1.7287,1.0385
-1.0642,-0.28292
2.8644,4.5639
-0.73473,0.29927
0.21507,0.25661
0.54754,0.32283
0.84387,-0.1038
0.45501,0.51779
2.7901,5.0136
0.053871,-0.64831
1.9986,1.742
0.85037,1.3507
-0.53967,-0.52628
-1.4782,1.5332
0.74652,-0.6641
0.54958,-1.0751
-0.44299,-0.95585
-2.0799,1.3663
0.55095,-0.26281
1.1576,0.89886
0.31031,-1.2675
0.49527,-0.32962
-0.58122,0.95885
0.60022,-0.14191
0.084592,-0.13904
1.3048,0.23332
1.1122,-0.80639
0.01773,0.2911
0.26321,-0.97248
0.56885,0.22287
-1.2493,0.36561
-0.22759,-0.19144
1.9826,1.3531
-2.12,2.79
-0.61239,0.10778
-0.22471,0.38449
-1.1128,0.77979
0.53442,-1.0967
1.2439,0.53654
-0.027998,-0.39011
0.75602,0.024045
-1.1885,0.67372
0.25717,0.51568
0.30714,-1.2421
1.5749,0.90425
0.11394,-0.57035
2.4014,3.7185
-0.1802,0.76546
1.0058,0.50679
2.1778,1.7149
-0.22794,-0.61998
-0.28497,0.050996
-2.0266,1.6487
-0.24847,-0.65383
-1.2236,0.24917
-0.43929,-0.72719
-0.94423,0.17154
0.51947,-0.45751
-0.085386,-1.1577
0.45382,0.10252
1.082,-0.15294
0.93645,-0.38727
0.14586,-1.214
-0.039128,-0.79362
-0.66085,-0.12412
-1.4714,0.84988
-0.1118,-1.6188
-0.6104,-0.84705
-1.1461,0.32803
1.0382,0.80126
0.53442,-0.53567
2.3969,2.3683
-0.40854,-0.86461
-0.13778,-0.24546
0.018736,-0.44255
-0.90215,-0.30828
0.090209,-0.87409
1.3729,0.82362
0.57014,-0.018231
-1.132,-1.3884
0.96122,0.02061
0.67047,0.83086
0.54979,-0.3175
-0.52633,-1.1558
0.33382,-0.0073944
0.5086,0.36894
-1.8089,2.533
0.89808,0.87712
-0.21553,-0.93845
0.86252,0.89231
0.6207,-0.30247
0.48723,0.96183
0.69336,-0.24099
0.50248,0.13993
-0.92825,-0.18114
0.57849,-0.29366
-0.2522,0.072484
-0.64973,-0.49326
1.3359,0.60854
1.1719,0.87625
0.44802,-0.49879
-1.1152,0.42287
0.073024,0.078541
0.45537,0.31658
0.0087824,-0.34267
-0.31041,-0.27009
1.6805,1.6088
1.832,0.39139
0.21397,-0.74172
0.068422,-0.4947
0.58312,0.38316
2.1778,1.4117
0.79684,0.053841
-0.27032,-0.12758
1.3968,0.77597
-0.34094,-0.8011
0.11304,-0.04535
-0.72129,0.23991
-0.76789,0.25249
-1.3483,0.30846
1.5855,1.7049
-1.0932,0.097671
0.83345,-0.15579
-0.83476,-1.1952
0.043599,-0.79928
-0.50896,-0.67997
-0.58154,-0.23114
-0.28563,0.46621
0.6264,-0.32204
1.2045,1.3689
-0.38147,-0.68271
0.93205,-0.13223
-1.4284,1.6879
-2.7364,4.3668
-0.088089,-0.94265
1.0914,0.35865
-0.53483,-0.22877
0.66628,1.1501
-1.0582,-0.63946
-0.95794,0.64889
0.056737,-0.22068
0.47383,-0.032371
2.1147,1.9736
0.71374,-0.98524
-0.013984,-1.0229
-1.0872,-0.18996
0.11435,-0.22407
-0.78361,-0.15054
1.0964,0.27163
0.28692,-0.73532
-0.61633,0.31217
0.74261,0.13941
-0.32106,0.40008
0.79264,-0.91485
1.4182,1.0907
-2.3188,1.8969
0.015453,-0.23817
-0.9787,-0.61894
0.57864,0.33044
-1.1567,-0.025422
0.56819,0.041266
-1.0955,0.24516
1.2332,0.41361
-0.10269,0.62827
0.26439,0.39665
-0.64263,-1.3543
-0.5816,-0.48906
1.2984,-0.058812
1.7059,1.0284
-0.46084,-0.82801
1.4908,0.7609
0.18464,0.55085
-1.2398,-0.014631
-0.23215,-0.85376
-1.4423,0.18807
0.53406,0.21715
-0.77096,-1.6851
-1.1731,1.0414
0.54792,-0.071841
1.1042,0.49703
-0.22255,-1.5541
-0.069537,-0.30912
-1.9844,1.2416
-0.81147,-0.029757
0.47497,-2.4509
0.104,-0.54096
1.2691,0.76551
-0.0016608,-0.96029
1.2216,0.34415
0.024522,-0.73133
0.2343,-0.45188
-1.2268,-0.70593
0.15096,-0.84976
-0.89128,-0.09112
0.17565,-0.81206
-1.18,0.12087
-0.55475,0.43844
0.84732,-0.21955
-1.3579,0.24022
-0.37355,-1.1755
0.6829,-1.5209
-1.5942,1.2984
-0.46289,-0.4733
-1.3476,-0.23313
2.4014,2.2529
-1.1179,1.1039
-1.2553,0.51174
-0.10551,-0.47339
0.35367,-0.87802
-0.46763,-0.22233
-0.82007,0.21239
-0.42019,-0.174
0.39686,-0.3626
0.80645,0.55477
-0.57889,0.77752
-0.67262,0.1678
0.38791,-1.7609
-0.49366,-0.20482
-0.33857,-0.84161
1.1268,-0.40145
0.38448,-0.79927
1.5096,1.3933
-0.47832,0.23589
-1.4095,0.33482
0.49276,0.056734
0.049803,-0.12378
2.1547,1.6542
-0.024658,-1.2115
-0.37863,-0.24162
-1.3596,2.1043
0.21727,-0.87547
1.0905,0.077117
1.1227,-0.35682
-1.4026,0.99727
-0.81916,-0.86237
-0.12361,-0.095378
-0.83114,0.45839
0.43767,-0.54248
0.51378,0.096923
-0.37336,-0.85285
0.89006,0.085662
-0.51392,-0.9005
0.7482,-0.31837
-0.49488,0.1435
-0.6527,0.16215
1.1945,-0.036124
1.0266,-0.47659
0.77199,-0.28616
0.52963,-0.18159
-0.22256,-0.81445
1.9389,0.91439
-0.91065,0.18213
-1.3043,1.0379
0.3383,-0.18477
-0.28258,-0.58412
0.095266,-0.086196
-0.11295,-0.70604
-0.04705,-1.1073
0.2854,-0.83647
1.2099,0.44271
-1.228,-0.93224
0.67299,-0.44723
0.77051,0.26385
-1.5062,1.1002
0.8681,0.53724
-0.40358,-0.30729
-0.3952,-0.95037
0.23553,-0.92222
0.72054,0.66816
-0.41806,-0.22574
-0.27417,-0.76186
-1.2416,-0.22745
0.89392,-0.91737
0.29048,0.37486
0.8782,0.24616
0.83869,-0.91279
1.5197,1.3305
1.2334,0.69677
0.52245,-0.27345
-0.77502,0.69062
-0.75655,-0.027033
-1.2259,-0.38356
0.64071,0.92533
1.07,1.0945
1.3375,1.1429
-0.39899,-0.15687
1.1746,1.1344
-1.6357,1.7262
2.0247,1.2031
0.026557,-1.394
-0.043268,0.04306
-0.056733,-0.94469
0.14837,-0.68845
0.19967,0.21193
0.54098,-0.11103
1.1852,0.64633
0.73733,-0.06455
-0.7375,-1.3179
0.84502,-0.63539
-1.2234,0.37762
0.63795,0.4003
0.34457,-0.5078
1.4895,0.81561
0.087422,-0.47846
-0.079362,-0.64748
-0.30297,-0.47717
1.0588,-0.099203
1.8655,1.0121
0.1132,-0.43267
0.52146,0.24873
-0.96467,-0.86837
0.04864,0.043217
-0.3214,-0.594
1.0036,0.25807
-0.58392,-0.063003
0.47921,-1.4598
1.0909,0.7871
-0.9867,-0.86339
1.5477,0.057191
-1.4755,0.63416
0.46127,0.05681
-1.082,0.59055
0.060718,-0.11621
-1.0862,0.45393
0.51658,-1.3768
0.2917,0.13733
0.20347,0.025756
-1.1709,-0.69432
-1.2531,0.92573
-0.94647,-0.017846
0.94085,0.4553
-1.2455,0.39394
0.60069,0.23647
-1.0253,-0.071799
-0.58896,-0.97953
-1.0102,0.68399
-0.36785,0.088626
-1.5936,1.4168
1.1303,0.35931
0.2068,-0.34981
0.11914,-0.6322
0.15491,-0.63701
-0.69304,-0.33959
-0.11668,-0.40033
0.17532,-0.9013
0.39044,0.35001
0.12348,-0.22659
-0.86862,-0.37592
0.38805,-0.56469
0.18269,-0.56698
0.095014,-1.7434
1.0347,-0.19986
-0.15222,-1.8259
0.51401,-0.60052
-1.5452,1.8151
-1.3211,1.2032
1.1872,0.28211
-0.65222,-0.64271
-0.79213,0.46011
1.0722,0.94736
-0.88079,-0.14264
-0.18446,-0.88793
0.19736,-0.44623
0.37227,-1.6071
0.90028,0.17658
-2.1631,2.1921
-0.75646,0.26007
-0.77214,-0.90827
1.03,-0.15935
0.96417,-0.98065
-0.89807,0.80202
-0.91772,0.48284
-0.59866,0.60098
2.941,4.4087
0.064867,-0.72712
0.19063,-0.33445
-0.90472,0.67841
-0.093331,0.17281
-0.96632,-0.34669
0.91705,-0.078203
-0.49489,0.33007
-2.5129,3.2073
0.71057,-0.43133
-0.46562,-0.25974
0.56434,-1.2711
-1.8827,1.9366
0.1954,-0.091652
-0.027254,-1.1004
1.8307,1.1587
-2.0513,1.5737
0.32654,-0.9294
-2.5329,2.4242
-0.34694,0.026535
1.4416,0.38722
1.0518,-0.077739
-0.99879,0.29144
0.32921,0.46957
-2.2541,2.3796
0.10441,-0.80171
-1.9216,1.3069
1.7402,0.73336
0.42469,-0.77978
0.11322,-0.38544
-0.51577,-0.26933
1.275,1.012
0.064472,-0.24303
-2.069,1.0242
-0.52667,-0.91118
-0.25967,-0.63491
-0.82716,-1.1105
-0.40493,-1.0859
-0.71186,-1.4773
1.0745,0.5579
1.7669,1.071
1.8993,1.1617
-0.77788,-1.1146
1.1192,-0.59302
0.54003,-0.7545
0.6679,-0.35634
0.12202,-1.1921
2.0445,2.0087
-1.5916,1.2997
1.1627,0.45612
-0.01324,-2.0244
1.3595,1.4459
-0.78351,-0.93055
-1.5003,-0.0058837
-0.88451,0.079847
0.94297,0.18681
0.31362,-0.78497
0.83004,0.47297
0.00043522,0.54316
